MutagenObjectType: PlacedObject
FormKey: 000917:BetterShipPartFlips.esp
FormVersion: 559
Base: 1F5602:Starfield.esm
ProjectedDecal:
  WidthScale: 1
  HeightScale: 1
  UnknownFloat: 0.526
  UnknownInt: 2880154369
ProjectedDecalReferences:
- 000915:BetterShipPartFlips.esp
ConstrainedDecal: 4.5039, 4.5355, 1.6002531
Position: 4.0943446, 2.58417, 0.47697362
Rotation: -3.1099298, 0.9940155, 3.179361
