MutagenObjectType: PlacedObject
FormKey: 001854:BetterShipPartFlips.esp
FormVersion: 559
Base: 1F5655:Starfield.esm
ProjectedDecal:
  WidthScale: 1
  HeightScale: 1
  UnknownFloat: 0.6
  UnknownInt: 2880154369
ProjectedDecalReferences:
- 0018DA:BetterShipPartFlips.esp
ConstrainedDecal: 4.5928, 3.51, 0.5000001
Position: 1.835, 4.4834, -1.7423
Rotation: 0.00019957067, 0.0013311699, 3.1415925
