MutagenObjectType: PlacedObject
FormKey: 0042F4:BetterShipPartFlips.esm
FormVersion: 559
Base: 1F5658:Starfield.esm
ProjectedDecal:
  WidthScale: 1
  HeightScale: 1
  UnknownFloat: 0.6
  UnknownInt: 2880154369
ProjectedDecalReferences:
- 0042DB:BetterShipPartFlips.esm
ConstrainedDecal: 3.758679, 2.6175997, 0.386868
Position: 0.3571599, 2.885089, -1.4565396
Rotation: -5.859294E-06, -0.00043702289, 0.013407359
