MutagenObjectType: PlacedObject
FormKey: 0042E2:BetterShipPartFlips.esm
FormVersion: 559
Base: 001E19:Starfield.esm
LinkedReferences:
- Reference: 00B0FC:Starfield.esm
IsLinkedRefTransient: True
Scale: 0.19
Position: -3.5702815, -1.2200695, -1.1252602
Rotation: 0.35198972, -7.842717E-08, 4.7123885
