MutagenObjectType: PlacedObject
FormKey: 0042EF:BetterShipPartFlips.esm
FormVersion: 559
Base: 1F563F:Starfield.esm
ProjectedDecal:
  WidthScale: 1
  HeightScale: 1
  UnknownFloat: 0.6
  UnknownInt: 2880154369
ProjectedDecalReferences:
- 0042DB:BetterShipPartFlips.esm
ConstrainedDecal: 3.5484, 3.2545, 0.386868
Position: -1.678398, 3.9003906, 0.09595823
Rotation: -1.5707964, 1.1918953E-07, 3.1597967
