MutagenObjectType: PlacedObject
FormKey: 000EEC:BetterShipPartFlips.esm
Base: 099C8E:Starfield.esm
ProjectedDecal:
  WidthScale: 1
  HeightScale: 1
  UnknownFloat: 1
  UnknownInt: 2880154369
ProjectedDecalReferences:
- 000EE3:BetterShipPartFlips.esm
ConstrainedDecal: 5.1938, 1.0296, 0.5
Position: 0.101105615, 1.4289917, 1.5946267
Rotation: -3.1415927, 0.3487707, 1.5707964
