MutagenObjectType: PlacedObject
FormKey: 000DBA:BetterShipPartFlips.esp
FormVersion: 559
Base: 1F563E:Starfield.esm
ProjectedDecal:
  WidthScale: 1
  HeightScale: 1
  UnknownFloat: 0.565
  UnknownInt: 2880154369
ProjectedDecalReferences:
- 000DB5:BetterShipPartFlips.esp
ConstrainedDecal: 3.9987, 2.0815, 1.1336648
Position: -1.3246826, 3.2252116, 0.080078125
Rotation: 3.1415927, -0, 3.1539805
