MutagenObjectType: PlacedObject
FormKey: 000DBB:BetterShipPartFlips.esp
FormVersion: 559
Base: 1F5600:Starfield.esm
ProjectedDecal:
  WidthScale: 1
  HeightScale: 1
  UnknownFloat: 0.4
  UnknownInt: 2880154369
ConstrainedDecal: 3.9987, 3.0787, 1.1336648
Position: 3.9003909, 1.4666512, -0.70387363
Rotation: 1.5999998, 1.5707964, 3.1415927
