MutagenObjectType: PlacedObject
FormKey: 0016D3:BetterShipPartFlips.esp
FormVersion: 559
Base: 1F564D:Starfield.esm
ProjectedDecal:
  WidthScale: 1
  HeightScale: 1
  UnknownFloat: 0.30400002
  UnknownInt: 2880154369
ProjectedDecalReferences:
- 0016DD:BetterShipPartFlips.esp
ConstrainedDecal: 4.7743, 4.3728, 1.2370362
Position: 0.77, -5.05, 3.604
Rotation: 1.3187896, 0.108150735, 3.3312156
