MutagenObjectType: PlacedObject
FormKey: 001018:BetterShipPartFlips.esm
Base: 1F564F:Starfield.esm
ProjectedDecal:
  WidthScale: 1
  HeightScale: 1
  UnknownFloat: 0.4
  UnknownInt: 2880154369
ConstrainedDecal: 2.8062, 2.8297825, 1.1336646
Position: -0.7952512, 1.2699823, -0.115428805
Rotation: -1.5707965, 1.515841E-07, 4.716797
