MutagenObjectType: PlacedObject
FormKey: 001F69:BetterShipPartFlips.esp
FormVersion: 559
Base: 1F560E:Starfield.esm
ReferenceGroup: 08DC0D:Starfield.esm
ProjectedDecal:
  WidthScale: 1
  HeightScale: 1
  UnknownFloat: 0.37500003
  UnknownInt: 2880154369
ConstrainedDecal: 4.08, 1.2300007, 0.5
Position: -0.7667695, -3.7519526, 0.13398565
Rotation: 1.5707964, -0, 0
