MutagenObjectType: PlacedObject
FormKey: 001F70:BetterShipPartFlips.esp
FormVersion: 559
Base: 1F5648:Starfield.esm
ReferenceGroup: 08DC0D:Starfield.esm
ProjectedDecal:
  WidthScale: 1
  HeightScale: 1
  UnknownFloat: 0.62500036
  UnknownInt: 2880154369
ConstrainedDecal: 4, 2, 0.75
Position: -3.7519526, 0.16079247, 0.083937906
Rotation: -1.5707963, -1.5707964, 0
