MutagenObjectType: PlacedObject
FormKey: 001F66:BetterShipPartFlips.esp
FormVersion: 559
Base: 099C86:Starfield.esm
ReferenceGroup: 08DC0D:Starfield.esm
ProjectedDecal:
  WidthScale: 1
  HeightScale: 1
  UnknownFloat: 0.5749999
  UnknownInt: 2880154369
ConstrainedDecal: 2.3600016, 0.9800004, 0.5
Position: 1.286249, -1.4815599, -1.3550243
Rotation: 0, -0, 3.1415927
