MutagenObjectType: PlacedObject
FormKey: 000B34:BetterShipPartFlips.esp
FormVersion: 559
Base: 099C88:Starfield.esm
ProjectedDecal:
  WidthScale: 1
  HeightScale: 1
  UnknownFloat: 0.6
  UnknownInt: 2880154369
ConstrainedDecal: 5, 2.5, 0.5
Position: -1.249999, -2.3527975, -0.8316245
Rotation: 1.5707964, -1.5707964, 0
