MutagenObjectType: PlacedObject
FormKey: 002168:BetterShipPartFlips.esm
FormVersion: 559
Base: 099C74:Starfield.esm
ProjectedDecal:
  WidthScale: 1
  HeightScale: 1
  UnknownFloat: 0.42500046
  UnknownInt: 2880154369
ConstrainedDecal: 4, 2, 0.5
Position: -0.07957101, 2.0712142, -1.7258143
Rotation: -0.32740903, 0, 1.5707964
