MutagenObjectType: PlacedObject
FormKey: 00217A:BetterShipPartFlips.esm
FormVersion: 559
Base: 099C74:Starfield.esm
ProjectedDecal:
  WidthScale: 1
  HeightScale: 1
  UnknownFloat: 0.32500044
  UnknownInt: 2880154369
ConstrainedDecal: 3.3600006, 1.5500002, 0.5
Position: -3.1425776, 2.6298275, 0.20525473
Rotation: 1.5707963, -1.5707964, 0
