MutagenObjectType: PlacedObject
FormKey: 00216F:BetterShipPartFlips.esm
FormVersion: 559
Base: 29E425:Starfield.esm
ProjectedDecal:
  WidthScale: 1
  HeightScale: 1
  UnknownFloat: 0.125
  UnknownInt: 2880154369
ConstrainedDecal: 5.350005, 2.139999, 0.1
Position: 0.99067235, 0.5129732, 1.669057
Rotation: 3.1415927, -0, 4.7491856
