MutagenObjectType: PlacedObject
FormKey: 00216A:BetterShipPartFlips.esm
FormVersion: 559
Base: 1F560E:Starfield.esm
ProjectedDecal:
  WidthScale: 1
  HeightScale: 1
  UnknownFloat: 0.27499998
  UnknownInt: 2880154369
ConstrainedDecal: 3.5999994, 0.97999966, 0.5
Position: -0.741423, 1.6718671, 1.739625
Rotation: -3.1415927, 0.32740018, 1.5707965
