MutagenObjectType: PlacedObject
FormKey: 002163:BetterShipPartFlips.esm
FormVersion: 559
Base: 1F5648:Starfield.esm
ProjectedDecal:
  WidthScale: 1
  HeightScale: 1
  UnknownFloat: 0.9250001
  UnknownInt: 2880154369
ConstrainedDecal: 2.870001, 2.4974995, 0.5
Position: 0.037598133, -0.14190298, 1.7308904
Rotation: 3.1415927, -0, 1.4
