MutagenObjectType: PlacedObject
FormKey: 002164:BetterShipPartFlips.esm
FormVersion: 559
Base: 05ABE9:Starfield.esm
ProjectedDecal:
  WidthScale: 1
  HeightScale: 1
  UnknownFloat: 0.1
  UnknownInt: 2880154369
ConstrainedDecal: 5.6900005, 5.329998, 0.1
Position: 0.112448215, 0.43428493, 1.7148433
Rotation: -3.1415927, -0, 0
