MutagenObjectType: PlacedObject
FormKey: 000BE8:BetterShipPartFlips.esm
Base: 099C9B:Starfield.esm
ProjectedDecal:
  WidthScale: 1
  HeightScale: 1
  UnknownFloat: 0.37
  UnknownInt: 2880154369
ConstrainedDecal: 3.3, 1.86, 0.5
Position: -1.3008949, -0.26814044, -0.15777475
Rotation: -3.1078222, -1.5707964, 1.5292326
