MutagenObjectType: PlacedObject
FormKey: 0020FE:BetterShipPartFlips.esp
FormVersion: 559
Base: 29E425:Starfield.esm
ProjectedDecal:
  WidthScale: 1
  HeightScale: 1
  UnknownFloat: 0.22500002
  UnknownInt: 2880154369
ConstrainedDecal: 0.83800066, 0.5800004, 1.4524906
Position: -3.148528, 1.4321964, -0.8164748
Rotation: -0, -0.89187366, -0
