MutagenObjectType: PlacedObject
FormKey: 0020D8:BetterShipPartFlips.esp
FormVersion: 559
Base: 1F5648:Starfield.esm
ProjectedDecal:
  WidthScale: 1
  HeightScale: 1
  UnknownFloat: 0.8000002
  UnknownInt: 2880154369
ConstrainedDecal: 5.8900013, 3.6754987, 0.75
Position: 0.2589683, 0.48394004, -1.8080176
Rotation: 0, -0, 4.933186
