MutagenObjectType: PlacedObject
FormKey: 0020DF:BetterShipPartFlips.esp
FormVersion: 559
Base: 29E425:Starfield.esm
ProjectedDecal:
  WidthScale: 1
  HeightScale: 1
  UnknownFloat: 0.27500004
  UnknownInt: 2880154369
ConstrainedDecal: 0.67999995, 0.7100021, 1.4524906
Position: -0.9994234, -0.9792075, 1.75
Rotation: -3.1415927, -0, 4.712389
