MutagenObjectType: PlacedObject
FormKey: 0020F8:BetterShipPartFlips.esp
FormVersion: 559
Base: 099C86:Starfield.esm
ProjectedDecal:
  WidthScale: 1
  HeightScale: 1
  UnknownFloat: 0.32500002
  UnknownInt: 2880154369
ConstrainedDecal: 1.6600022, 0.27999997, 0.5
Position: 1.0214164, -0.09370624, 1.7487084
Rotation: 3.1415927, 0, 4.712389
