MutagenObjectType: PlacedObject
FormKey: 0020E9:BetterShipPartFlips.esp
FormVersion: 559
Base: 29E425:Starfield.esm
ProjectedDecal:
  WidthScale: 1
  HeightScale: 1
  UnknownFloat: 0.30000004
  UnknownInt: 2880154369
ConstrainedDecal: 1.0900004, 1.4600005, 1.4524906
Position: -3.958984, -3.0178504, 0.94464433
Rotation: 0, -1.5707964, 0
