MutagenObjectType: PlacedObject
FormKey: 0020F3:BetterShipPartFlips.esp
FormVersion: 559
Base: 099C86:Starfield.esm
ProjectedDecal:
  WidthScale: 1
  HeightScale: 1
  UnknownFloat: 0.3
  UnknownInt: 2880154369
ConstrainedDecal: 1.5000024, 0.30000085, 0.5
Position: 2.3347015, -0.98355067, -1.7499995
