MutagenObjectType: PlacedObject
FormKey: 0020FC:BetterShipPartFlips.esp
FormVersion: 559
Base: 29E425:Starfield.esm
ProjectedDecal:
  WidthScale: 1
  HeightScale: 1
  UnknownFloat: 0.30000004
  UnknownInt: 2880154369
ConstrainedDecal: 1.0900004, 1.4600005, 1.4524906
Position: 3.6034856, 2.8916588, -1.7396382
Rotation: 0, 0, 3.1415927
