MutagenObjectType: PlacedObject
FormKey: 0020E5:BetterShipPartFlips.esp
FormVersion: 559
Base: 099C86:Starfield.esm
ProjectedDecal:
  WidthScale: 1
  HeightScale: 1
  UnknownFloat: 0.32500002
  UnknownInt: 2880154369
ConstrainedDecal: 0.609503, 0.5980008, 0.5
Position: -0.99934053, 1.0353494, 1.75
Rotation: -3.1415927, -0, 0
