MutagenObjectType: PlacedObject
FormKey: 0020E7:BetterShipPartFlips.esp
FormVersion: 559
Base: 29E425:Starfield.esm
ProjectedDecal:
  WidthScale: 1
  HeightScale: 1
  UnknownFloat: 0.27500004
  UnknownInt: 2880154369
ConstrainedDecal: 1.0900004, 1.4600005, 1.4524906
Position: 3.6030602, -3.1717129, -1.7696394
Rotation: 0, 0, 3.1415927
