MutagenObjectType: PlacedObject
FormKey: 0020FD:BetterShipPartFlips.esp
FormVersion: 559
Base: 099C6E:Starfield.esm
ProjectedDecal:
  WidthScale: 1
  HeightScale: 1
  UnknownFloat: 0.40000045
  UnknownInt: 2880154369
ConstrainedDecal: 2.1900012, 1.3999997, 0.5
Position: -2.135744, 2.902875, -1.7646383
Rotation: 0, 0, 3.1331854
