MutagenObjectType: PlacedObject
FormKey: 0020F6:BetterShipPartFlips.esp
FormVersion: 559
Base: 29E425:Starfield.esm
ProjectedDecal:
  WidthScale: 1
  HeightScale: 1
  UnknownFloat: 0.125
  UnknownInt: 2880154369
ConstrainedDecal: 0.67999995, 0.7100021, 1.4524906
Position: -2.237567, 4, 1.0088749
Rotation: -1.5707964, -0, 4.712389
