MutagenObjectType: PlacedObject
FormKey: 0020EB:BetterShipPartFlips.esp
FormVersion: 559
Base: 1F5648:Starfield.esm
ProjectedDecal:
  WidthScale: 1
  HeightScale: 1
  UnknownFloat: 0.5500004
  UnknownInt: 2880154369
ConstrainedDecal: 2.8400023, 2.9854994, 5.6771803
Position: 2.169583, 0.9625015, 1.775076
Rotation: 3.1415927, -0, 3.1415927
