MutagenObjectType: PlacedObject
FormKey: 002102:BetterShipPartFlips.esp
FormVersion: 559
Base: 1F560E:Starfield.esm
ProjectedDecal:
  WidthScale: 1
  HeightScale: 1
  UnknownFloat: 0.4
  UnknownInt: 2880154369
ConstrainedDecal: 3.459998, 1.6199998, 1.1782955
Position: 0.2865271, 1.9215986, 1.7798988
Rotation: 3.1415927, 0, 1.5707964
