MutagenObjectType: PlacedObject
FormKey: 002103:BetterShipPartFlips.esp
FormVersion: 559
Base: 099C86:Starfield.esm
ProjectedDecal:
  WidthScale: 1
  HeightScale: 1
  UnknownFloat: 0.17499998
  UnknownInt: 2880154369
ConstrainedDecal: 1.6300023, 0.54000086, 0.5
Position: -3.5568357, 1.3986837, -0.31044233
Rotation: -0, -0.89187366, -0
