MutagenObjectType: PlacedObject
FormKey: 0020C2:BetterShipPartFlips.esm
FormVersion: 559
Base: 1F5648:Starfield.esm
ConstrainedDecal: 3.4500017, 2.8454995, 5.6771803
Position: -2.7547824, 4, 0.14104153
Rotation: -1.5707964, -0, 3.1415927
