MutagenObjectType: PlacedObject
FormKey: 0020C8:BetterShipPartFlips.esm
FormVersion: 559
Base: 099C6E:Starfield.esm
ProjectedDecal:
  WidthScale: 1
  HeightScale: 1
  UnknownFloat: 0.40000045
  UnknownInt: 2880154369
ConstrainedDecal: 4, 2, 0.5
Position: -5.398156, 3.1806126, 1.75
Rotation: 3.1415927, -0, 3.1331854
