MutagenObjectType: PlacedObject
FormKey: 0020C7:BetterShipPartFlips.esm
FormVersion: 559
Base: 1F560E:Starfield.esm
ProjectedDecal:
  WidthScale: 1
  HeightScale: 1
  UnknownFloat: 0.4
  UnknownInt: 2880154369
ConstrainedDecal: 2.9099984, 1.1000001, 1.1782955
Position: -3.8604202, 3.113351, 1.7500005
Rotation: -3.1415927, -0, 0
