MutagenObjectType: PlacedObject
FormKey: 0020C0:BetterShipPartFlips.esm
FormVersion: 559
Base: 29E425:Starfield.esm
ProjectedDecal:
  WidthScale: 1
  HeightScale: 1
  UnknownFloat: 0.30000004
  UnknownInt: 2880154369
ConstrainedDecal: 1.0900004, 1.4600005, 1.4524906
Position: -0.5733175, -3.0031419, 1.7199993
Rotation: -3.1415927, -0, 3.1415927
