MutagenObjectType: PlacedObject
FormKey: 0020C6:BetterShipPartFlips.esm
FormVersion: 559
Base: 1F5648:Starfield.esm
ProjectedDecal:
  WidthScale: 1
  HeightScale: 1
  UnknownFloat: 0.8000002
  UnknownInt: 2880154369
ConstrainedDecal: 5.8900013, 3.6754987, 0.75
Position: -3.9178379, -0.59542036, 1.7883785
Rotation: 3.1415927, -0, 4.9331856
