MutagenObjectType: PlacedObject
FormKey: 0020C4:BetterShipPartFlips.esm
FormVersion: 559
Base: 29E425:Starfield.esm
ProjectedDecal:
  WidthScale: 1
  HeightScale: 1
  UnknownFloat: 0.125
  UnknownInt: 2880154369
ConstrainedDecal: 4.49, 4.089999, 1.4524906
Position: -5.978478, 3.9999995, 0.10692543
Rotation: -1.5707964, -0, 3.1415927
