MutagenObjectType: PlacedObject
FormKey: 0020CE:BetterShipPartFlips.esm
FormVersion: 559
Base: 1F560E:Starfield.esm
ProjectedDecal:
  WidthScale: 1
  HeightScale: 1
  UnknownFloat: 0.4
  UnknownInt: 2880154369
ConstrainedDecal: 2.9099984, 1.1000001, 1.1782955
Position: -7.205374, 1.0291348, -0.27394447
Rotation: 0, -0.9132894, 0
