MutagenObjectType: PlacedObject
FormKey: 0020CB:BetterShipPartFlips.esm
FormVersion: 559
Base: 099C6E:Starfield.esm
ProjectedDecal:
  WidthScale: 1
  HeightScale: 1
  UnknownFloat: 0.40000045
  UnknownInt: 2880154369
ConstrainedDecal: 2.1900012, 1.3999997, 0.5
Position: -6.3125534, -3.0143528, 1.7449988
Rotation: 3.1415927, -0, 3.1331854
