MutagenObjectType: PlacedObject
FormKey: 001710:BetterShipPartFlips.esm
FormVersion: 559
Base: 1F563E:Starfield.esm
ProjectedDecal:
  WidthScale: 1
  HeightScale: 1
  UnknownFloat: 0.57600003
  UnknownInt: 2880154369
ProjectedDecalReferences:
- 001750:BetterShipPartFlips.esm
ConstrainedDecal: 4, 3.3318, 0.75
Position: -1.8188, 5.2461, 1.3169
Rotation: 0.0004935946, 1.5705307, 3.1410232
