MutagenObjectType: PlacedObject
FormKey: 001711:BetterShipPartFlips.esm
Base: 1F5654:Starfield.esm
ProjectedDecal:
  WidthScale: 1
  HeightScale: 1
  UnknownFloat: 0.4
  UnknownInt: 2880154369
ProjectedDecalReferences:
- 001750:BetterShipPartFlips.esm
ConstrainedDecal: 4.3189, 3.3318, 0.75
Position: 0.922, -1.7114, 1.1751
Rotation: 4.8258057, 0.0961132, 1.8028148
