MutagenObjectType: PlacedObject
FormKey: 00245F:BetterShipPartFlips.esp
FormVersion: 559
Base: 1F5634:Starfield.esm
ProjectedDecal:
  WidthScale: 1
  HeightScale: 1
  UnknownFloat: 0.4
  UnknownInt: 2880154369
ProjectedDecalReferences:
- 002431:BetterShipPartFlips.esp
ConstrainedDecal: 5.1100016, 6.750006, 2.6423848
Position: 2.4599867, -0.32141846, 1.3158444
Rotation: -3.1415927, 0.9048271, -0
