MutagenObjectType: PlacedObject
FormKey: 002458:BetterShipPartFlips.esp
FormVersion: 559
Base: 1F5634:Starfield.esm
ProjectedDecal:
  WidthScale: 1
  HeightScale: 1
  UnknownFloat: 0.4
  UnknownInt: 2880154369
ProjectedDecalReferences:
- 002431:BetterShipPartFlips.esp
ConstrainedDecal: 5.1100016, 6.750006, 2.6423848
Position: -3.3134146, -3.549976, 0.027651682
Rotation: -1.5683696, -1.5677276, 1.4975733
