MutagenObjectType: PlacedObject
FormKey: 002459:BetterShipPartFlips.esp
FormVersion: 559
Base: 1F5634:Starfield.esm
ReferenceGroup: 29DEC6:Starfield.esm
ProjectedDecal:
  WidthScale: 1
  HeightScale: 1
  UnknownFloat: 0.4
  UnknownInt: 2880154369
ProjectedDecalReferences:
- 002431:BetterShipPartFlips.esp
- 002435:BetterShipPartFlips.esp
- 002437:BetterShipPartFlips.esp
- 002433:BetterShipPartFlips.esp
ConstrainedDecal: 5.1100016, 6.750006, 2.6423848
Position: -3.0736842, 2.6223867, -0.05924785
Rotation: 1.6427766, -1.5698829, 4.669613
