MutagenObjectType: PlacedObject
FormKey: 00218B:BetterShipPartFlips.esm
FormVersion: 559
Base: 1785DA:Starfield.esm
ProjectedDecal:
  WidthScale: 1
  HeightScale: 1
  UnknownFloat: 0.5500004
  UnknownInt: 2880154369
ConstrainedDecal: 2.95, 2.3699994, 0.3
Position: 1.5791013, 0.0808301, -0.048845768
Rotation: 1.5707963, -1.5707964, 0
