MutagenObjectType: PlacedObject
FormKey: 002187:BetterShipPartFlips.esm
FormVersion: 559
Base: 1785DA:Starfield.esm
ProjectedDecal:
  WidthScale: 1
  HeightScale: 1
  UnknownFloat: 0.5000005
  UnknownInt: 2880154369
ConstrainedDecal: 2.95, 2.3699994, 0.3
Position: 2.8100219, -3.2215395, 0.05879298
Rotation: 1.5704955, -0.069654144, 4.71241
