MutagenObjectType: PlacedObject
FormKey: 00218D:BetterShipPartFlips.esm
FormVersion: 559
Base: 1F5648:Starfield.esm
ProjectedDecal:
  WidthScale: 1
  HeightScale: 1
  UnknownFloat: 0.6249999
  UnknownInt: 2880154369
ConstrainedDecal: 2.490001, 1.6499994, 0.75
Position: 1.6484375, -0.9880231, 0.11628401
Rotation: 1.5707963, -1.5707964, 0
