MutagenObjectType: PlacedObject
FormKey: 00177B:BetterShipPartFlips.esm
Base: 1F5654:Starfield.esm
ProjectedDecal:
  WidthScale: 1
  HeightScale: 1
  UnknownFloat: 0.6
  UnknownInt: 2880154369
ProjectedDecalReferences:
- 00177F:BetterShipPartFlips.esm
ConstrainedDecal: 2.9736648, 2.579895, 0.75
Position: 1.749, 0.8088, -1.4681
Rotation: 4.712389, 5.2071843, 1.5707963
