MutagenObjectType: PlacedObject
FormKey: 000DA2:BetterShipPartFlips.esp
FormVersion: 559
Base: 1F563C:Starfield.esm
ProjectedDecal:
  WidthScale: 1
  HeightScale: 1
  UnknownFloat: 1
  UnknownInt: 2880154369
ProjectedDecalReferences:
- 000DA1:BetterShipPartFlips.esp
ConstrainedDecal: 3.9987, 3.2091, 1.1336648
Position: 1.7043438, 1.3354208, -0.2603584
Rotation: -2.7125926, -7.45058E-09, 3.1415927
