MutagenObjectType: PlacedObject
FormKey: 000DA6:BetterShipPartFlips.esp
FormVersion: 559
Base: 1F5600:Starfield.esm
ProjectedDecal:
  WidthScale: 1
  HeightScale: 1
  UnknownFloat: 0.4
  UnknownInt: 2880154369
ConstrainedDecal: 3.9987, 3.0787, 1.1336648
Position: 1.2719655, -1.2381732, -1.7541885
Rotation: -0.084583946, 0.06389118, 6.0059834
