MutagenObjectType: PlacedObject
FormKey: 000DFB:BetterShipPartFlips.esm
FormVersion: 559
Base: 1F5652:Starfield.esm
ProjectedDecal:
  WidthScale: 1
  HeightScale: 1
  UnknownFloat: 0.4
  UnknownInt: 2880154369
ConstrainedDecal: 3.5012, 2.0252, 1.1336646
Position: -0.32851124, 3.6640615, 1.106565
Rotation: -1.5707964, -0, 7.4505806E-08
