MutagenObjectType: PlacedObject
FormKey: 000DFA:BetterShipPartFlips.esm
FormVersion: 559
Base: 1F5652:Starfield.esm
ProjectedDecal:
  WidthScale: 1
  HeightScale: 1
  UnknownFloat: 0.4
  UnknownInt: 2880154369
ProjectedDecalReferences:
- 000DF4:BetterShipPartFlips.esm
ConstrainedDecal: 3.5012, 2.0252, 1.1336646
Position: 3.900391, 0.01773715, -0.6033513
Rotation: 1.5707964, 1.5707964, 3.1415927
