MutagenObjectType: PlacedObject
FormKey: 000DB8:BetterShipPartFlips.esp
FormVersion: 559
Base: 1F5658:Starfield.esm
ProjectedDecal:
  WidthScale: 1
  HeightScale: 1
  UnknownFloat: 0.4
  UnknownInt: 2880154369
ProjectedDecalReferences:
- 000DB5:BetterShipPartFlips.esp
ConstrainedDecal: 3.269, 2.6941, 1.1336648
Position: -1.7360404, -3.6000152, 0.080078125
Rotation: 3.1415927, 0, 3.1539824
