MutagenObjectType: PlacedObject
FormKey: 000DB9:BetterShipPartFlips.esp
FormVersion: 559
Base: 1F5600:Starfield.esm
ProjectedDecal:
  WidthScale: 1
  HeightScale: 1
  UnknownFloat: 0.4
  UnknownInt: 2880154369
ProjectedDecalReferences:
- 000DB5:BetterShipPartFlips.esp
ConstrainedDecal: 3.9986997, 2.5423422, 1.1336648
Position: -3.9766185, 0.28179526, -0.5980456
Rotation: -1.5415928, -1.570308, 0
