MutagenObjectType: PlacedObject
FormKey: 000DB6:BetterShipPartFlips.esp
FormVersion: 559
Base: 1F5605:Starfield.esm
ProjectedDecal:
  WidthScale: 1
  HeightScale: 1
  UnknownFloat: 0.4
  UnknownInt: 2880154369
ProjectedDecalReferences:
- 000DB5:BetterShipPartFlips.esp
ConstrainedDecal: 5.022988, 3.496428, 1.1336648
Position: 1.327575, -3.9321792, 0.08032131
Rotation: 3.1415927, -0, 0.012389267
