MutagenObjectType: PlacedObject
FormKey: 001502:BetterShipPartFlips.esm
Base: 1F564D:Starfield.esm
ProjectedDecal:
  WidthScale: 1
  HeightScale: 1
  UnknownFloat: 0.30400002
  UnknownInt: 2880154369
ProjectedDecalReferences:
- 001572:BetterShipPartFlips.esm
ConstrainedDecal: 4.7743, 4.3728, 0.75
Position: 2.154, -2.588, -1.27
Rotation: 4.6821427, 4.514621, 0.01725607
