MutagenObjectType: PlacedObject
FormKey: 000D8E:BetterShipPartFlips.esm
Base: 1F5605:Starfield.esm
ProjectedDecal:
  WidthScale: 1
  HeightScale: 1
  UnknownFloat: 1
  UnknownInt: 2880154369
ProjectedDecalReferences:
- 000D8A:BetterShipPartFlips.esm
ConstrainedDecal: 4, 3.7332544, 1.1336648
Position: 2.175259, -1.8412389, -0.030518666
Rotation: 1.7628466, -0.0038570198, 3.1415927
