MutagenObjectType: PlacedObject
FormKey: 000D90:BetterShipPartFlips.esm
Base: 1F5692:Starfield.esm
ProjectedDecal:
  WidthScale: 1
  HeightScale: 1
  UnknownFloat: 1
  UnknownInt: 2880154369
ProjectedDecalReferences:
- 000D8A:BetterShipPartFlips.esm
ConstrainedDecal: 3.29775, 1.2149267, 0.75
Position: 1.3922775, 0.5813285, 0.07688001
Rotation: 3.13826, 0.0052688387, 6.283168
