MutagenObjectType: PlacedObject
FormKey: 0042AF:BetterShipPartFlips.esp
FormVersion: 559
XALG: 0x0008000000000000
Base: 1F5655:Starfield.esm
ProjectedDecal:
  WidthScale: 1
  HeightScale: 1
  UnknownFloat: 0.46100003
  UnknownInt: 1
ConstrainedDecal: 3, 3, 2.478293
Position: -1.0963368, 0.29565758, -1.3045464
Rotation: -0.27653915, -0.67630917, 3.3173897
