MutagenObjectType: PlacedObject
FormKey: 000AF5:BetterShipPartFlips.esm
FormVersion: 559
Base: 099C8E:Starfield.esm
ProjectedDecal:
  WidthScale: 1
  HeightScale: 1
  UnknownFloat: 0.6
  UnknownInt: 2880154369
ConstrainedDecal: 4, 2, 0.5
Position: 1.25, 2.3970222, -0.9348099
Rotation: 2.9747043, 1.5707964, 1.4111079
