MutagenObjectType: PlacedObject
FormKey: 000C59:BetterShipPartFlips.esp
FormVersion: 559
Base: 099C9B:Starfield.esm
ProjectedDecal:
  WidthScale: 1
  HeightScale: 1
  UnknownFloat: 0.42400002
  UnknownInt: 2880154369
ConstrainedDecal: 3, 1.5, 0.5
Position: -0.009109974, 4, -0.7568593
Rotation: -1.5707964, -0, 1.5707964
