MutagenObjectType: PlacedObject
FormKey: 000C52:BetterShipPartFlips.esp
FormVersion: 559
Base: 099C88:Starfield.esm
ProjectedDecal:
  WidthScale: 1
  HeightScale: 1
  UnknownFloat: 0.42400002
  UnknownInt: 2880154369
ConstrainedDecal: 3, 1.5, 0.5
Position: -1.250001, 2.9566047, -0.8333648
Rotation: 2.1668804, -1.5707964, 2.5455093
