MutagenObjectType: PlacedObject
FormKey: 000AFF:BetterShipPartFlips.esp
FormVersion: 559
Base: 099C88:Starfield.esm
ProjectedDecal:
  WidthScale: 1
  HeightScale: 1
  UnknownFloat: 0.6
  UnknownInt: 2880154369
ConstrainedDecal: 5, 2.5, 0.5
Position: -1.2500012, 2.3927264, -0.67030257
Rotation: -2.4428127, -1.5707964, 0.8664162
