MutagenObjectType: PlacedObject
FormKey: 000DFC:BetterShipPartFlips.esp
FormVersion: 559
Base: 1F5655:Starfield.esm
ProjectedDecal:
  WidthScale: 1
  HeightScale: 1
  UnknownFloat: 0.8
  UnknownInt: 2880154369
ProjectedDecalReferences:
- 000DF4:BetterShipPartFlips.esp
ConstrainedDecal: 2.806232, 2.0252, 1.1336646
Position: -3.9005597, -2.6544087, -1.0060364
Rotation: -1.5707963, -1.570308, 0
