MutagenObjectType: PlacedObject
FormKey: 000D2A:BetterShipPartFlips.esp
FormVersion: 559
Base: 099C74:Starfield.esm
ProjectedDecal:
  WidthScale: 1
  HeightScale: 1
  UnknownFloat: 0.6
  UnknownInt: 2880154369
ProjectedDecalReferences:
- 000D28:BetterShipPartFlips.esp
ConstrainedDecal: 6.1982, 2, 0.8995321
Position: 1.2499995, -2.4404595, 1.6312842
Rotation: 1.5707964, 1.5707964, 3.1415927
