MutagenObjectType: PlacedObject
FormKey: 0021F7:BetterShipPartFlips.esm
FormVersion: 559
Base: 1F5674:Starfield.esm
ProjectedDecal:
  WidthScale: 1
  HeightScale: 1
  UnknownFloat: 0.2
  UnknownInt: 2880154369
ProjectedDecalReferences:
- 0021F5:BetterShipPartFlips.esm
ConstrainedDecal: 2.960001, 2.6300013, 2
Position: -1.2907976, -3.3899705, -1.1318289
Rotation: 0.824627, 0.16106309, 4.970797
