MutagenObjectType: PlacedObject
FormKey: 002188:BetterShipPartFlips.esp
FormVersion: 559
Base: 1785DA:Starfield.esm
ProjectedDecal:
  WidthScale: 1
  HeightScale: 1
  UnknownFloat: 0.5500004
  UnknownInt: 2880154369
ConstrainedDecal: 2.95, 2.3699994, 0.3
Position: 2.1876943, 3.0514324, 0.0006095767
Rotation: -1.5707964, -0.34657615, 1.5707965
