MutagenObjectType: PlacedObject
FormKey: 002191:BetterShipPartFlips.esp
FormVersion: 559
Base: 1785DA:Starfield.esm
ProjectedDecal:
  WidthScale: 1
  HeightScale: 1
  UnknownFloat: 0.5500004
  UnknownInt: 2880154369
ConstrainedDecal: 2.95, 2.3699994, 0.3
Position: 2.6724827, -2.1084092, 1.2180953
Rotation: -3.1415927, 0.32511753, 1.5707965
