MutagenObjectType: PlacedObject
FormKey: 002190:BetterShipPartFlips.esp
FormVersion: 559
Base: 099C86:Starfield.esm
ProjectedDecal:
  WidthScale: 1
  HeightScale: 1
  UnknownFloat: 0.7000003
  UnknownInt: 2880154369
ConstrainedDecal: 0.750002, 0.19000001, 0.5
Position: 2.6477559, -0.19057384, 1.0063521
Rotation: -3.1415927, -0.17219082, 1.5707965
