MutagenObjectType: PlacedObject
FormKey: 002189:BetterShipPartFlips.esp
FormVersion: 559
Base: 1F5648:Starfield.esm
ProjectedDecal:
  WidthScale: 1
  HeightScale: 1
  UnknownFloat: 0.8999996
  UnknownInt: 2880154369
ConstrainedDecal: 2.490001, 1.6499994, 0.75
Position: 2.2750468, 0.07530165, 1.1018806
Rotation: -3.1415927, -0.3627862, 1.5707965
