MutagenObjectType: PlacedObject
FormKey: 00218E:BetterShipPartFlips.esp
FormVersion: 559
Base: 1E867E:Starfield.esm
ProjectedDecal:
  WidthScale: 1
  HeightScale: 1
  UnknownFloat: 0.27500042
  UnknownInt: 2880154369
ConstrainedDecal: 5.0700026, 5.7305026, 3.6608496
Position: 1.485421, 0.7528005, 0.5681033
Rotation: -3.1415925, -0.8972959, 4.712389
