MutagenObjectType: PlacedObject
FormKey: 0018F0:BetterShipPartFlips.esp
FormVersion: 559
Base: 1F5605:Starfield.esm
ProjectedDecal:
  WidthScale: 1
  HeightScale: 1
  UnknownFloat: 0.467
  UnknownInt: 2880154369
ProjectedDecalReferences:
- 00197A:BetterShipPartFlips.esp
ConstrainedDecal: 4.0488, 3.51, 0.75065345
Position: 6.1175, 1.5861, 0.2784
Rotation: 6.077875, 1.5716603, 0.2055195
