MutagenObjectType: PlacedObject
FormKey: 0018EE:BetterShipPartFlips.esp
FormVersion: 559
Base: 1F5655:Starfield.esm
ProjectedDecal:
  WidthScale: 1
  HeightScale: 1
  UnknownFloat: 0.84800005
  UnknownInt: 2880154369
ProjectedDecalReferences:
- 00197A:BetterShipPartFlips.esp
ConstrainedDecal: 2.6101, 2.9606, 1.2586458
Position: 5.0352, -6.3314, 0.1044
Rotation: 4.712389, 0, 4.0037627
