MutagenObjectType: PlacedObject
FormKey: 002155:BetterShipPartFlips.esm
FormVersion: 559
Base: 26A7FC:Starfield.esm
ProjectedDecal:
  WidthScale: 1
  HeightScale: 1
  UnknownFloat: 0.125
  UnknownInt: 2880154369
ConstrainedDecal: 1.4699994, 1.6500013, 0.5
Position: 2.5232255, 3.3683224, -0.027042042
Rotation: -1.568641, 0.26914963, 4.712962
