MutagenObjectType: PlacedObject
FormKey: 002159:BetterShipPartFlips.esm
FormVersion: 559
Base: 0C3D85:Starfield.esm
ProjectedDecal:
  WidthScale: 1
  HeightScale: 1
  UnknownFloat: 0.42500046
  UnknownInt: 2880154369
ConstrainedDecal: 0.6900001, 0.86000067, 0.5
Position: 0.027506456, 2.8020887, 1.5331228
Rotation: -3.1415927, -0, 0
