MutagenObjectType: PlacedObject
FormKey: 00213E:BetterShipPartFlips.esm
FormVersion: 559
Base: 1F5650:Starfield.esm
ProjectedDecal:
  WidthScale: 1
  HeightScale: 1
  UnknownFloat: 0.565
  UnknownInt: 1
ConstrainedDecal: 6.3084173, 4, 5.4443607
Layer: 24EEC1:Starfield.esm
Position: 2.309548, 1.3213221, 0.047217168
Rotation: 1.6137848, 0.8811333, 6.2805824
