MutagenObjectType: PlacedObject
FormKey: 00213D:BetterShipPartFlips.esm
FormVersion: 559
Base: 1F5650:Starfield.esm
ProjectedDecal:
  WidthScale: 1
  HeightScale: 1
  UnknownFloat: 0.42400002
  UnknownInt: 1
ConstrainedDecal: 6.3084173, 4, 5.4443607
Layer: 24EEC1:Starfield.esm
Position: -1.6783, 0.9162, 0.0721
Rotation: 1.6192937, -1.1288612, 6.279313
