MutagenObjectType: PlacedObject
FormKey: 002144:BetterShipPartFlips.esm
MajorRecordFlagsRaw: 256
FormVersion: 559
StarfieldMajorRecordFlags:
- 0x100
Base: 0CB919:Starfield.esm
Radius: -5.268378
Lighting:
  Fov90PlusMinus: -37.546867
  Fade1PlusMinus: 1.1375984
LightArea:
  Data: 0x00000000000000000000000000000000
Layer: 08CC6A:Starfield.esm
LightRoundedness:
  Data: 0x0000000000000000000000000000000001000000
Position: -0.049525857, -0.80243015, 1.1540818
Rotation: 0.8428207, -1.225857E-10, 4.7108727
