MutagenObjectType: PlacedObject
FormKey: 000FBA:BetterShipPartFlips.esp
FormVersion: 559
Base: 1F563B:Starfield.esm
ProjectedDecal:
  WidthScale: 1
  HeightScale: 1
  UnknownFloat: 0.522
  UnknownInt: 2880154369
ProjectedDecalReferences:
- 000FA8:BetterShipPartFlips.esp
ConstrainedDecal: 3.2767, 1.4562, 0.6459926
Position: 0.4623853, 1.377419, -1.1197124
Rotation: -0.6660597, 0.0073600407, 3.1356506
