MutagenObjectType: PlacedObject
FormKey: 00238A:BetterShipPartFlips.esp
FormVersion: 559
Base: 09811C:Starfield.esm
Scale: 0.64
Position: 3.6343904, 0.88180333, -0.010636225
Rotation: 1.5362757, -1.2234497, 0.032460492
