MutagenObjectType: PlacedObject
FormKey: 002384:BetterShipPartFlips.esp
FormVersion: 559
Base: 09811C:Starfield.esm
Scale: 0.64
Position: 2.8327339, 1.5951909, 0.6051341
Rotation: 1.1213601, -0.422408, 0.19521782
