MutagenObjectType: PlacedObject
FormKey: 002385:BetterShipPartFlips.esp
FormVersion: 559
Base: 09811C:Starfield.esm
Scale: 0.64
Position: 1.1440219, -0.003144491, -1.0816166
Rotation: -3.1415927, 0.7853982, 0
