MutagenObjectType: PlacedObject
FormKey: 00238D:BetterShipPartFlips.esp
FormVersion: 559
Base: 09811C:Starfield.esm
Scale: 0.64
Position: 0.7918347, -0.8885201, -0.019930657
Rotation: -1.5791484, 1.2211283, 3.1337452
