MutagenObjectType: PlacedObject
FormKey: 002392:BetterShipPartFlips.esp
FormVersion: 559
Base: 09811C:Starfield.esm
Scale: 0.64
Position: 1.597636, -1.6080164, 0.59792876
Rotation: -1.1046517, 0.41436693, 1.5707964
