MutagenObjectType: PlacedObject
FormKey: 002381:BetterShipPartFlips.esp
FormVersion: 559
Base: 09811C:Starfield.esm
Scale: 0.64
Position: 2.2108707, -0.878415, -1.4343015
Rotation: -2.8101976, 0.0005714131, 1.5707964
