MutagenObjectType: PlacedObject
FormKey: 00238F:BetterShipPartFlips.esp
FormVersion: 559
Base: 09811C:Starfield.esm
Scale: 0.64
Position: 1.5994278, 1.6026124, -0.62047386
Rotation: 2.0163684, 0.42443448, 0.19419064
