MutagenObjectType: PlacedObject
FormKey: 002169:BetterShipPartFlips.esp
FormVersion: 559
Base: 1F560E:Starfield.esm
ProjectedDecal:
  WidthScale: 1
  HeightScale: 1
  UnknownFloat: 0.375
  UnknownInt: 2880154369
ConstrainedDecal: 3.5999994, 1.6599993, 0.5
Position: 0.031953514, -2.4082036, 0.58606184
Rotation: 1.5707964, -0, 3.1415927
