MutagenObjectType: PlacedObject
FormKey: 002167:BetterShipPartFlips.esp
FormVersion: 559
Base: 29E425:Starfield.esm
ProjectedDecal:
  WidthScale: 1
  HeightScale: 1
  UnknownFloat: 0.15
  UnknownInt: 2880154369
ConstrainedDecal: 1.400001, 0.7899996, 0.1
Position: 2.0912268, -0.8184578, 1.7284614
Rotation: -3.1415927, -0, 0
