MutagenObjectType: PlacedObject
FormKey: 00216C:BetterShipPartFlips.esp
FormVersion: 559
Base: 29E425:Starfield.esm
ProjectedDecal:
  WidthScale: 1
  HeightScale: 1
  UnknownFloat: 0.1
  UnknownInt: 2880154369
ConstrainedDecal: 5.350005, 2.139999, 0.1
Position: -1.0229222, 1.4667948, 1.6840212
Rotation: 3.1415927, -0, 4.772685
