MutagenObjectType: PlacedObject
FormKey: 002175:BetterShipPartFlips.esp
FormVersion: 559
Base: 099C74:Starfield.esm
ProjectedDecal:
  WidthScale: 1
  HeightScale: 1
  UnknownFloat: 0.45000046
  UnknownInt: 2880154369
ConstrainedDecal: 4, 2, 0.5
Position: 0.01621157, -0.6952176, -1.2332463
Rotation: 0.3220308, -0, 1.5707964
