MutagenObjectType: PlacedObject
FormKey: 002162:BetterShipPartFlips.esp
FormVersion: 559
Base: 29E425:Starfield.esm
ProjectedDecal:
  WidthScale: 1
  HeightScale: 1
  UnknownFloat: 0.20000002
  UnknownInt: 2880154369
ConstrainedDecal: 1.2300012, 0.7399996, 0.1
Position: -2.0479531, -0.76084423, 1.7088569
Rotation: -3.1415927, -0, 0
