MutagenObjectType: PlacedObject
FormKey: 002173:BetterShipPartFlips.esp
FormVersion: 559
Base: 1F5648:Starfield.esm
ProjectedDecal:
  WidthScale: 1
  HeightScale: 1
  UnknownFloat: 0.9250001
  UnknownInt: 2880154369
ConstrainedDecal: 2.870001, 2.4974995, 0.5
Position: -3.1777346, -0.4803921, 0.68961394
Rotation: 1.5707963, -1.5707964, 0
