MutagenObjectType: PlacedObject
FormKey: 000D09:BetterShipPartFlips.esp
FormVersion: 559
Base: 099C90:Starfield.esm
ProjectedDecal:
  WidthScale: 1
  HeightScale: 1
  UnknownFloat: 0.6
  UnknownInt: 2880154369
ProjectedDecalReferences:
- 000D04:BetterShipPartFlips.esp
ConstrainedDecal: 7.735383, 2, 0.8995323
Position: -1.050024, -1.7924178, 3.5488799
Rotation: 3.1127043, -1.1703268, 1.5704534
