MutagenObjectType: PlacedObject
FormKey: 001519:BetterShipPartFlips.esm
Base: 1F55FE:Starfield.esm
ProjectedDecal:
  WidthScale: 1
  HeightScale: 1
  UnknownFloat: 0.4
  UnknownInt: 2880154369
ProjectedDecalReferences:
- 001576:BetterShipPartFlips.esm
ConstrainedDecal: 4.7743, 3.3318, 0.75
Position: 6.2139997, -0.411, -1.475
Rotation: 0.055588737, 6.1147265, 1.5614762
