MutagenObjectType: PlacedObject
FormKey: 001521:BetterShipPartFlips.esm
Base: 1F55FE:Starfield.esm
ProjectedDecal:
  WidthScale: 1
  HeightScale: 1
  UnknownFloat: 0.4
  UnknownInt: 2880154369
ProjectedDecalReferences:
- 001576:BetterShipPartFlips.esm
ConstrainedDecal: 3.3842, 3.3318, 0.7499999
Position: -1.359, 0.044, 1.849
Rotation: 6.2828016, 3.1445599, 1.5707963
