MutagenObjectType: PlacedObject
FormKey: 000E21:BetterShipPartFlips.esp
FormVersion: 559
Base: 1F564F:Starfield.esm
ProjectedDecal:
  WidthScale: 1
  HeightScale: 1
  UnknownFloat: 0.25
  UnknownInt: 2880154369
ProjectedDecalReferences:
- 000E1A:BetterShipPartFlips.esp
ConstrainedDecal: 3.5876, 3.4718, 2.9969063
Position: 1.9191679, -2.2046788, 1.9351366
Rotation: -1.5707964, 0, 2.65398
