MutagenObjectType: PlacedObject
FormKey: 000DF7:BetterShipPartFlips.esp
FormVersion: 559
Base: 1F563F:Starfield.esm
ProjectedDecal:
  WidthScale: 1
  HeightScale: 1
  UnknownFloat: 0.674
  UnknownInt: 2880154369
ConstrainedDecal: 3.5011792, 1.5896999, 1.1336646
Position: -2.000001, 0.24096441, 1.3548322
Rotation: -1.5707964, -1.5707964, 3.1415927
