MutagenObjectType: PlacedObject
FormKey: 000FE6:BetterShipPartFlips.esm
FormVersion: 559
Base: 1F563B:Starfield.esm
ProjectedDecal:
  WidthScale: 1
  HeightScale: 1
  UnknownFloat: 0.8
  UnknownInt: 2880154369
ProjectedDecalReferences:
- 000FD3:BetterShipPartFlips.esm
ConstrainedDecal: 4.2033005, 1.4419386, 0.40431696
Position: -2.5895796, 1.1854526, 0.9324751
Rotation: -2.8680866, -0, 3.1415927
