MutagenObjectType: PlacedObject
FormKey: 001FFF:BetterShipPartFlips.esm
FormVersion: 559
Base: 1E867E:Starfield.esm
ProjectedDecal:
  WidthScale: 1
  HeightScale: 1
  UnknownFloat: 0.27499998
  UnknownInt: 2880154369
ConstrainedDecal: 5.0699983, 4.34, 0.1
Position: 2.3036025, 0.022877991, 0.22474653
Rotation: 1.5707964, -1.5707964, 0
