MutagenObjectType: PlacedObject
FormKey: 001FEF:BetterShipPartFlips.esm
FormVersion: 559
Base: 1E867E:Starfield.esm
ProjectedDecal:
  WidthScale: 1
  HeightScale: 1
  UnknownFloat: 0.4
  UnknownInt: 2880154369
ConstrainedDecal: 8, 8, 0.1
Position: 2.8888118, -0.96625954, 1.655612
Rotation: -3.1415925, 3.0570967E-14, 1.5707964
