MutagenObjectType: PlacedObject
FormKey: 001FE9:BetterShipPartFlips.esm
FormVersion: 559
Base: 1F560E:Starfield.esm
ProjectedDecal:
  WidthScale: 1
  HeightScale: 1
  UnknownFloat: 0.45000002
  UnknownInt: 2880154369
ConstrainedDecal: 2.3500001, 0.9900005, 0.5
Position: 2.3095381, 0.8551337, 0.010131761
Rotation: -1.1919333E-07, -1.5707964, 0
