MutagenObjectType: PlacedObject
FormKey: 001FFD:BetterShipPartFlips.esm
FormVersion: 559
Base: 1E867E:Starfield.esm
ProjectedDecal:
  WidthScale: 1
  HeightScale: 1
  UnknownFloat: 0.4
  UnknownInt: 2880154369
ConstrainedDecal: 8, 8, 0.1
Position: 3.0910983, -3.8867943, 0.27973753
Rotation: 1.5707965, -1.7484555E-07, 1.5707964
