MutagenObjectType: PlacedObject
FormKey: 001FF9:BetterShipPartFlips.esm
FormVersion: 559
Base: 1F5648:Starfield.esm
ProjectedDecal:
  WidthScale: 1
  HeightScale: 1
  UnknownFloat: 0.9250001
  UnknownInt: 2880154369
ConstrainedDecal: 2.6375015, 2.0824997, 0.5
Position: 3.07433, 3.8626266, 0.30706435
Rotation: -1.5707963, 1.7484555E-07, 3.1415927
