MutagenObjectType: PlacedObject
FormKey: 001FFE:BetterShipPartFlips.esm
FormVersion: 559
Base: 1F5648:Starfield.esm
ProjectedDecal:
  WidthScale: 1
  HeightScale: 1
  UnknownFloat: 0.975
  UnknownInt: 2880154369
ConstrainedDecal: 1.6675022, 2.1624997, 0.5
Position: 3.9199224, 2.9396896, 0.13193212
Rotation: -1.5707963, 1.5707964, 0
