MutagenObjectType: PlacedObject
FormKey: 002000:BetterShipPartFlips.esm
FormVersion: 559
Base: 1F5648:Starfield.esm
ProjectedDecal:
  WidthScale: 1
  HeightScale: 1
  UnknownFloat: 0.975
  UnknownInt: 2880154369
ConstrainedDecal: 1.6675022, 2.1624997, 0.5
Position: 3.071524, -0.66042924, -1.8212891
Rotation: -0, 0, 3.1415927
