MutagenObjectType: PlacedObject
FormKey: 002004:BetterShipPartFlips.esm
FormVersion: 559
Base: 29E425:Starfield.esm
ProjectedDecal:
  WidthScale: 1
  HeightScale: 1
  UnknownFloat: 0.325
  UnknownInt: 2880154369
ConstrainedDecal: 0.9600013, 0.9600023, 0.1
Position: 3.8804855, -0.9942591, 1.0410446
Rotation: -1.5707963, 1.5707964, 0
