MutagenObjectType: PlacedObject
FormKey: 002001:BetterShipPartFlips.esm
FormVersion: 559
Base: 1E867E:Starfield.esm
ProjectedDecal:
  WidthScale: 1
  HeightScale: 1
  UnknownFloat: 0.22499996
  UnknownInt: 2880154369
ConstrainedDecal: 2.5399995, 2.7400012, 0.1
Position: 3.3113143, 3.8319397, -0.15869546
Rotation: -1.5707963, 1.7484555E-07, 1.5707964
