MutagenObjectType: PlacedObject
FormKey: 002003:BetterShipPartFlips.esm
FormVersion: 559
Base: 1E867E:Starfield.esm
ProjectedDecal:
  WidthScale: 1
  HeightScale: 1
  UnknownFloat: 0.29999998
  UnknownInt: 2880154369
ConstrainedDecal: 2.5399995, 2.7400012, 0.1
Position: 3.9199214, 2.6126072, -0.18510938
Rotation: -1.5707963, 1.5707964, 0
