MutagenObjectType: PlacedObject
FormKey: 003618:BetterShipPartFlips.esm
FormVersion: 559
Base: 1F5630:Starfield.esm
ProjectedDecal:
  WidthScale: 1
  HeightScale: 1
  UnknownFloat: 0.2
  UnknownInt: 2880154369
ProjectedDecalReferences:
- 0035FD:BetterShipPartFlips.esm
ConstrainedDecal: 4.980001, 5.490004, 0.5
Position: -2.4934883, -3.9999995, 1.2402599
Rotation: 1.5707964, -0, 1.5707964
