MutagenObjectType: PlacedObject
FormKey: 00221B:BetterShipPartFlips.esm
FormVersion: 559
Base: 1F5631:Starfield.esm
ProjectedDecal:
  WidthScale: 1
  HeightScale: 1
  UnknownFloat: 0.2
  UnknownInt: 2880154369
ProjectedDecalReferences:
- 002214:BetterShipPartFlips.esm
ConstrainedDecal: 4.4100018, 4.420004, 4.671199
Position: 1.4813523, -0.043616414, 3.1126337
Rotation: 3.0546227, 0.39054582, 6.2500057
