MutagenObjectType: PlacedObject
FormKey: 002230:BetterShipPartFlips.esm
FormVersion: 559
Base: 1F5688:Starfield.esm
ProjectedDecal:
  WidthScale: 1
  HeightScale: 1
  UnknownFloat: 0.6
  UnknownInt: 2880154369
ProjectedDecalReferences:
- 002214:BetterShipPartFlips.esm
ConstrainedDecal: 4, 2, 0.75
Position: 0.0037048534, -0.033376865, 3.4540746
Rotation: 3.0622745, 0.08001456, 3.1352394
