MutagenObjectType: PlacedObject
FormKey: 002232:BetterShipPartFlips.esm
FormVersion: 559
Base: 1F5688:Starfield.esm
ProjectedDecal:
  WidthScale: 1
  HeightScale: 1
  UnknownFloat: 0.6
  UnknownInt: 2880154369
ProjectedDecalReferences:
- 002214:BetterShipPartFlips.esm
ConstrainedDecal: 4, 2, 0.75
Position: 2.9251316, -1.8817521, 0.3137377
Rotation: 1.763865, 1.1711131, 4.9167757
