MutagenObjectType: PlacedObject
FormKey: 00222E:BetterShipPartFlips.esm
FormVersion: 559
Base: 1F5688:Starfield.esm
ProjectedDecal:
  WidthScale: 1
  HeightScale: 1
  UnknownFloat: 0.6
  UnknownInt: 2880154369
ProjectedDecalReferences:
- 002214:BetterShipPartFlips.esm
ConstrainedDecal: 4, 2, 0.75
Position: 1.1540852, 1.9182936, 2.6875467
Rotation: -2.7162645, 0.36166027, 3.2877975
