MutagenObjectType: PlacedObject
FormKey: 00223A:BetterShipPartFlips.esm
FormVersion: 559
Base: 1F5688:Starfield.esm
ProjectedDecal:
  WidthScale: 1
  HeightScale: 1
  UnknownFloat: 0.6
  UnknownInt: 2880154369
ProjectedDecalReferences:
- 002214:BetterShipPartFlips.esm
ConstrainedDecal: 4, 2, 0.75
Position: -3.4254978, -0.032368436, -0.36598882
Rotation: 0.7853982, -1.457526, 5.5009937
