MutagenObjectType: PlacedObject
FormKey: 002215:BetterShipPartFlips.esm
FormVersion: 559
Base: 1F563F:Starfield.esm
ProjectedDecal:
  WidthScale: 1
  HeightScale: 1
  UnknownFloat: 0.185
  UnknownInt: 2880154369
ConstrainedDecal: 2.3791, 2.5257, 0.5
Position: -2.7257888, 3.6462324, 1.0824761
Rotation: 1.5707965, 7.368757E-08, 0.18329637
