MutagenObjectType: PlacedObject
FormKey: 002219:BetterShipPartFlips.esm
FormVersion: 559
Base: 1F5631:Starfield.esm
ProjectedDecal:
  WidthScale: 1
  HeightScale: 1
  UnknownFloat: 0.39100003
  UnknownInt: 2880154369
ConstrainedDecal: 3, 3, 4.671199
Position: 2.6111774, 2.0655584, -0.90593755
Rotation: -1.1491832, 0.77904487, 0.30527142
