MutagenObjectType: PlacedObject
FormKey: 002225:BetterShipPartFlips.esm
FormVersion: 559
Base: 1F5688:Starfield.esm
ProjectedDecal:
  WidthScale: 1
  HeightScale: 1
  UnknownFloat: 0.6
  UnknownInt: 2880154369
ProjectedDecalReferences:
- 002214:BetterShipPartFlips.esm
ConstrainedDecal: 4, 2, 0.75
Position: -3.53406, 0.049966007, 0.034887105
Rotation: -1.2459924, -1.3238727, 4.3967876
