MutagenObjectType: PlacedObject
FormKey: 002231:BetterShipPartFlips.esm
FormVersion: 559
Base: 1F568E:Starfield.esm
ProjectedDecal:
  WidthScale: 1
  HeightScale: 1
  UnknownFloat: 0.4
  UnknownInt: 2880154369
ProjectedDecalReferences:
- 002214:BetterShipPartFlips.esm
ConstrainedDecal: 3.0500026, 3.5399985, 2.5198402
Position: -1.5292649, -2.165846, 2.2086182
Rotation: 2.3009725, -0.5162059, 1.6487967
