MutagenObjectType: PlacedObject
FormKey: 00223B:BetterShipPartFlips.esm
FormVersion: 559
Base: 1F568E:Starfield.esm
ProjectedDecal:
  WidthScale: 1
  HeightScale: 1
  UnknownFloat: 0.4
  UnknownInt: 2880154369
ProjectedDecalReferences:
- 002214:BetterShipPartFlips.esm
ConstrainedDecal: 3.0500026, 3.5399985, 2.5198402
Position: 1.1715167, -3.2210135, 0.3634935
Rotation: 1.6674352, 0.38129845, 1.3944649
