MutagenObjectType: PlacedObject
FormKey: 00223D:BetterShipPartFlips.esm
FormVersion: 559
Base: 1F5688:Starfield.esm
ProjectedDecal:
  WidthScale: 1
  HeightScale: 1
  UnknownFloat: 0.6
  UnknownInt: 2880154369
ProjectedDecalReferences:
- 002214:BetterShipPartFlips.esm
ConstrainedDecal: 4, 2, 0.75
Position: -1.4047865, -0.042788245, -3.1440635
Rotation: 0.086134255, -0.39137727, 6.259667
