MutagenObjectType: PlacedObject
FormKey: 002228:BetterShipPartFlips.esm
FormVersion: 559
Base: 1F568E:Starfield.esm
ProjectedDecal:
  WidthScale: 1
  HeightScale: 1
  UnknownFloat: 0.4
  UnknownInt: 2880154369
ProjectedDecalReferences:
- 002214:BetterShipPartFlips.esm
ConstrainedDecal: 3.0500026, 3.5399985, 2.5198402
Position: -2.1126323, 0.8291227, -2.6404564
Rotation: -0.1046531, -0.7027567, 2.987376
