MutagenObjectType: PlacedObject
FormKey: 00221C:BetterShipPartFlips.esm
FormVersion: 559
Base: 1F563F:Starfield.esm
ProjectedDecal:
  WidthScale: 1
  HeightScale: 1
  UnknownFloat: 0.717
  UnknownInt: 2880154369
ConstrainedDecal: 2.6383, 2.5727, 0.5
Position: -1.5572609, -3.999999, 2.4553344
Rotation: 1.5707964, -1.5827648E-07, 0.14386022
