MutagenObjectType: PlacedObject
FormKey: 002236:BetterShipPartFlips.esm
FormVersion: 559
Base: 1F5674:Starfield.esm
ProjectedDecal:
  WidthScale: 1
  HeightScale: 1
  UnknownFloat: 0.2
  UnknownInt: 2880154369
ProjectedDecalReferences:
- 002214:BetterShipPartFlips.esm
ConstrainedDecal: 3.4500005, 3.020001, 2
Position: -2.143896, -1.8235282, 1.9784374
Rotation: 2.387393, -0.7050954, 0.5469198
