MutagenObjectType: PlacedObject
FormKey: 00221D:BetterShipPartFlips.esm
FormVersion: 559
Base: 1F563F:Starfield.esm
ProjectedDecal:
  WidthScale: 1
  HeightScale: 1
  UnknownFloat: 0.41300002
  UnknownInt: 2880154369
ConstrainedDecal: 2.6383, 2.5727, 0.5
Position: -1.0748041, 3.8867218, 2.6191626
Rotation: 1.5707965, 7.368757E-08, 0.18329637
