MutagenObjectType: PlacedObject
FormKey: 0015FE:BetterShipPartFlips.esm
Base: 1F560A:Starfield.esm
ProjectedDecal:
  WidthScale: 1
  HeightScale: 1
  UnknownFloat: 0.4
  UnknownInt: 2880154369
ProjectedDecalReferences:
- 001608:BetterShipPartFlips.esm
ConstrainedDecal: 5.3353, 2.7751398, 0.74999976
Position: -0.100999996, 6.611, -1.8149999
Rotation: 6.157941, 0.0069115036, 0.0067893304
