MutagenObjectType: PlacedObject
FormKey: 001600:BetterShipPartFlips.esm
Base: 1F5607:Starfield.esm
ProjectedDecal:
  WidthScale: 1
  HeightScale: 1
  UnknownFloat: 0.47800002
  UnknownInt: 2880154369
ProjectedDecalReferences:
- 001608:BetterShipPartFlips.esm
ConstrainedDecal: 3.4858, 4, 0.75
Position: -1.897, -1.111, -0.91
Rotation: 6.1617804, 0.13442525, 3.1542466
