MutagenObjectType: PlacedObject
FormKey: 002091:BetterShipPartFlips.esp
FormVersion: 559
Base: 1F5648:Starfield.esm
ProjectedDecal:
  WidthScale: 1
  HeightScale: 1
  UnknownFloat: 0.32500044
  UnknownInt: 2880154369
ConstrainedDecal: 3.5375006, 3.132499, 0.5
Position: 1.0426419, 1.3991395, -1.8398795
Rotation: -0, 0, 3.1415927
