MutagenObjectType: PlacedObject
FormKey: 002083:BetterShipPartFlips.esp
FormVersion: 559
Base: 1F560E:Starfield.esm
ProjectedDecal:
  WidthScale: 1
  HeightScale: 1
  UnknownFloat: 0.45000002
  UnknownInt: 2880154369
ConstrainedDecal: 2.3500001, 0.9900005, 0.5
Position: 0.26168215, 1.0949752, -0.25717002
Rotation: -0.76533175, -1.5707964, 0.76533175
