MutagenObjectType: PlacedObject
FormKey: 00209D:BetterShipPartFlips.esp
FormVersion: 559
Base: 29E425:Starfield.esm
ProjectedDecal:
  WidthScale: 1
  HeightScale: 1
  UnknownFloat: 0.12499995
  UnknownInt: 2880154369
ConstrainedDecal: 1.7300011, 1.5300018, 0.1
Position: 0.15465152, 1.2125337, -0.12400311
Rotation: -1.5707964, -1.5707964, 3.1415927
