MutagenObjectType: PlacedObject
FormKey: 002084:BetterShipPartFlips.esp
FormVersion: 559
Base: 1F5648:Starfield.esm
ProjectedDecal:
  WidthScale: 1
  HeightScale: 1
  UnknownFloat: 0.975
  UnknownInt: 2880154369
ConstrainedDecal: 1.6675022, 2.1624997, 0.5
Position: 3.9082587, 3.390895, -0.3310215
Rotation: 1.5707964, 1.5707964, -0
