MutagenObjectType: PlacedObject
FormKey: 00208A:BetterShipPartFlips.esp
FormVersion: 559
Base: 29E425:Starfield.esm
ProjectedDecal:
  WidthScale: 1
  HeightScale: 1
  UnknownFloat: 0.099999994
  UnknownInt: 2880154369
ConstrainedDecal: 0.8100017, 1.4900022, 0.1
Position: 2.2581813, 1.0654504, -1.8094234
