MutagenObjectType: PlacedObject
FormKey: 002080:BetterShipPartFlips.esp
FormVersion: 559
Base: 29E425:Starfield.esm
ProjectedDecal:
  WidthScale: 1
  HeightScale: 1
  UnknownFloat: 0.2
  UnknownInt: 2880154369
ConstrainedDecal: 3.5, 3.1200008, 0.1
Position: 2.0435882, -3.90625, 0.012251139
Rotation: 1.5707964, 8.4703295E-22, 4.712389
