MutagenObjectType: PlacedObject
FormKey: 002088:BetterShipPartFlips.esp
FormVersion: 559
Base: 1F5643:Starfield.esm
ProjectedDecal:
  WidthScale: 1
  HeightScale: 1
  UnknownFloat: 0.45000046
  UnknownInt: 2880154369
ConstrainedDecal: 1.7200007, 1.1600015, 2
Position: 2.1801827, 3.0677013, 1.6564687
Rotation: 3.1415927, -0, 1.4353983
