MutagenObjectType: PlacedObject
FormKey: 0020AA:BetterShipPartFlips.esp
FormVersion: 559
Base: 29E425:Starfield.esm
ProjectedDecal:
  WidthScale: 1
  HeightScale: 1
  UnknownFloat: 0.14999995
  UnknownInt: 2880154369
ConstrainedDecal: 0.9600013, 0.9600023, 0.1
Position: 0.13878591, 1.1827623, 0.85292864
Rotation: -1.5707964, -1.5707964, -0
