MutagenObjectType: PlacedObject
FormKey: 002071:BetterShipPartFlips.esp
FormVersion: 559
Base: 29E425:Starfield.esm
ProjectedDecal:
  WidthScale: 1
  HeightScale: 1
  UnknownFloat: 0.24999997
  UnknownInt: 2880154369
ConstrainedDecal: 1.7300011, 1.5300018, 0.1
Position: 3.8951066, -0.9088014, -0.29036468
Rotation: 2.2455373, 1.5707964, 5.3871303
