MutagenObjectType: PlacedObject
FormKey: 00209C:BetterShipPartFlips.esp
FormVersion: 559
Base: 1E867E:Starfield.esm
ProjectedDecal:
  WidthScale: 1
  HeightScale: 1
  UnknownFloat: 0.27499998
  UnknownInt: 2880154369
ConstrainedDecal: 3.4599996, 3.9699996, 0.1
Position: 1.7811253, 3.9096837, 0.052013904
Rotation: -1.5707964, 0, 4.712389
