MutagenObjectType: PlacedObject
FormKey: 0020A6:BetterShipPartFlips.esp
FormVersion: 559
Base: 29E425:Starfield.esm
ProjectedDecal:
  WidthScale: 1
  HeightScale: 1
  UnknownFloat: 0.14999998
  UnknownInt: 2880154369
ConstrainedDecal: 2.6600006, 2.3600016, 0.1
Position: 2.0715601, -1.9993598, 1.6601567
Rotation: -3.1415927, 7.4307367E-29, 1.5707965
