MutagenObjectType: PlacedObject
FormKey: 0020A7:BetterShipPartFlips.esp
FormVersion: 559
Base: 29E425:Starfield.esm
ProjectedDecal:
  WidthScale: 1
  HeightScale: 1
  UnknownFloat: 0.14999999
  UnknownInt: 2880154369
ConstrainedDecal: 0.8100017, 1.4900022, 0.1
Position: 2.2082675, -0.8677557, 1.3782055
Rotation: 3.1415927, 0, -0
