MutagenObjectType: PlacedObject
FormKey: 0020A2:BetterShipPartFlips.esp
FormVersion: 559
Base: 29E425:Starfield.esm
ProjectedDecal:
  WidthScale: 1
  HeightScale: 1
  UnknownFloat: 0.15
  UnknownInt: 2880154369
ConstrainedDecal: 1.0100007, 1.2700026, 0.1
Position: 2.2758222, -3.9969268, -0.20248887
Rotation: 1.5707964, -0, 4.712389
