MutagenObjectType: PlacedObject
FormKey: 0020A5:BetterShipPartFlips.esp
FormVersion: 559
Base: 1F5643:Starfield.esm
ProjectedDecal:
  WidthScale: 1
  HeightScale: 1
  UnknownFloat: 0.6000004
  UnknownInt: 2880154369
ConstrainedDecal: 2.2000003, 1.8100009, 2
Position: 0.1959852, 2.1776414, 1.7892511
Rotation: -3.1415927, 7.4307367E-29, 0
