MutagenObjectType: PlacedObject
FormKey: 00208C:BetterShipPartFlips.esp
FormVersion: 559
Base: 29E425:Starfield.esm
ProjectedDecal:
  WidthScale: 1
  HeightScale: 1
  UnknownFloat: 0.47500002
  UnknownInt: 2880154369
ConstrainedDecal: 1.1000016, 0.9100021, 0.1
Position: 3.864809, 1.349726, 0.011115253
Rotation: 2.2455373, 1.5707964, 5.3871303
