MutagenObjectType: PlacedObject
FormKey: 00208F:BetterShipPartFlips.esp
FormVersion: 559
Base: 29E425:Starfield.esm
ProjectedDecal:
  WidthScale: 1
  HeightScale: 1
  UnknownFloat: 0.05
  UnknownInt: 2880154369
ConstrainedDecal: 0.9600013, 0.9600023, 0.1
Position: 0.18551469, 1.6444356, -0.45373744
Rotation: -1.5707964, -1.5707964, -0
