MutagenObjectType: PlacedObject
FormKey: 00209F:BetterShipPartFlips.esp
FormVersion: 559
Base: 1E867E:Starfield.esm
ProjectedDecal:
  WidthScale: 1
  HeightScale: 1
  UnknownFloat: 0.4
  UnknownInt: 2880154369
ConstrainedDecal: 8, 8, 0.1
Position: 0.17140043, 0.4737655, 0.36193925
Rotation: -1.5707964, -1.5707964, 3.1415927
