MutagenObjectType: PlacedObject
FormKey: 002094:BetterShipPartFlips.esp
FormVersion: 559
Base: 1F560E:Starfield.esm
ProjectedDecal:
  WidthScale: 1
  HeightScale: 1
  UnknownFloat: 0.45000002
  UnknownInt: 2880154369
ConstrainedDecal: 2.3500001, 0.9900005, 0.5
Position: 0.09640348, -0.9488978, -0.31558663
Rotation: -0.76533175, -1.5707964, 0.76533175
