MutagenObjectType: PlacedObject
FormKey: 00207A:BetterShipPartFlips.esp
FormVersion: 559
Base: 1E867E:Starfield.esm
ProjectedDecal:
  WidthScale: 1
  HeightScale: 1
  UnknownFloat: 0.27499998
  UnknownInt: 2880154369
ConstrainedDecal: 5.0699983, 4.34, 0.1
Position: 3.8917634, 0.18635432, 0.16035968
Rotation: 1.5707964, 1.5707964, -0
