MutagenObjectType: PlacedObject
FormKey: 00208B:BetterShipPartFlips.esp
FormVersion: 559
Base: 29E425:Starfield.esm
ProjectedDecal:
  WidthScale: 1
  HeightScale: 1
  UnknownFloat: 0.3
  UnknownInt: 2880154369
ConstrainedDecal: 2.6600006, 2.3600016, 0.1
Position: 2.1753976, 2.1590798, 1.6901464
Rotation: -3.1415927, 7.4307367E-29, 1.5707965
