MutagenObjectType: PlacedObject
FormKey: 001691:BetterShipPartFlips.esm
Base: 1F563E:Starfield.esm
ProjectedDecal:
  WidthScale: 1
  HeightScale: 1
  UnknownFloat: 0.57600003
  UnknownInt: 2880154369
ProjectedDecalReferences:
- 001698:BetterShipPartFlips.esm
ConstrainedDecal: 4, 3.3318, 0.75
Position: -1.716, -5.5385, -0.743
Rotation: 1.0138403E-05, 4.699142, 7.995157E-05
