MutagenObjectType: PlacedObject
FormKey: 000A15:BetterShipPartFlips.esm
Base: 1F564D:Starfield.esm
ProjectedDecal:
  WidthScale: 1
  HeightScale: 1
  UnknownFloat: 0.4
  UnknownInt: 2880154369
ConstrainedDecal: 4, 4, 0.75
Position: -2.0019531, 1.6154747, 0.73431087
Rotation: 3.1415927, -1.5707964, 0
