MutagenObjectType: PlacedObject
FormKey: 001748:BetterShipPartFlips.esp
FormVersion: 559
Base: 1F55FE:Starfield.esm
ProjectedDecal:
  WidthScale: 1
  HeightScale: 1
  UnknownFloat: 0.4
  UnknownInt: 2880154369
ProjectedDecalReferences:
- 001751:BetterShipPartFlips.esp
ConstrainedDecal: 3.3842, 3.3318, 0.7499999
Position: -1.7505, -1.3379, -0.1427
Rotation: 5.900762E-05, 4.7094254, 0.00034873228
