MutagenObjectType: PlacedObject
FormKey: 004347:BetterShipPartFlips.esm
FormVersion: 559
Base: 1F5654:Starfield.esm
ProjectedDecal:
  WidthScale: 1
  HeightScale: 1
  UnknownFloat: 1
  UnknownInt: 2880154369
ProjectedDecalReferences:
- 004338:BetterShipPartFlips.esm
ConstrainedDecal: 1.5626, 1.8897, 1.4402287
Position: 1.7130994, 2.9913244, -1.3923888
Rotation: 0, -0.73538345, 3.1415927
