MutagenObjectType: PlacedObject
FormKey: 004346:BetterShipPartFlips.esm
FormVersion: 559
Base: 1F5631:Starfield.esm
ProjectedDecal:
  WidthScale: 1
  HeightScale: 1
  UnknownFloat: 1
  UnknownInt: 2880154369
ProjectedDecalReferences:
- 004338:BetterShipPartFlips.esm
ConstrainedDecal: 2, 2, 1.4402286
Position: -1.5215732, -2.0248477, -0.97690976
Rotation: 0.93478715, 0.037441306, 1.5707964
