MutagenObjectType: PlacedObject
FormKey: 00433E:BetterShipPartFlips.esm
FormVersion: 559
Base: 001E1F:Starfield.esm
LinkedReferences:
- Reference: 00B0F0:Starfield.esm
IsLinkedRefTransient: True
Scale: 0.25
Position: 2.0561657, 0.3383841, 1.4154358
Rotation: 2.4496443, -0.00011582449, 4.712389
