MutagenObjectType: PlacedObject
FormKey: 004337:BetterShipPartFlips.esm
FormVersion: 559
Base: 1F563E:Starfield.esm
ProjectedDecal:
  WidthScale: 1
  HeightScale: 1
  UnknownFloat: 1
  UnknownInt: 2880154369
ProjectedDecalReferences:
- 004338:BetterShipPartFlips.esm
ConstrainedDecal: 3, 3, 0.92860866
Position: 0.21131103, -2.5451152, 0.45568514
Rotation: 2.9569275, 0.012330308, 6.253982
