MutagenObjectType: PlacedObject
FormKey: 000A7F:BetterShipPartFlips.esm
Base: 1F563C:Starfield.esm
ProjectedDecal:
  WidthScale: 1
  HeightScale: 1
  UnknownFloat: 0.6
  UnknownInt: 2880154369
ProjectedDecalReferences:
- 000A88:BetterShipPartFlips.esm
ConstrainedDecal: 2.98, 1.89, 0.75
Position: -0.019753434, -3.481584, -0.028421272
Rotation: -3.061739, -9.4024216E-08, 3.141593
