MutagenObjectType: PlacedObject
FormKey: 0022B1:BetterShipPartFlips.esp
FormVersion: 559
Base: 1F5688:Starfield.esm
ProjectedDecal:
  WidthScale: 1
  HeightScale: 1
  UnknownFloat: 0.6
  UnknownInt: 2880154369
ProjectedDecalReferences:
- 002299:BetterShipPartFlips.esp
ConstrainedDecal: 2.3100019, 1.0200009, 0.75
Position: 1.669667, 1.252755, 1.1482595
Rotation: -3.1415927, -0.7511645, 3.1415927
