MutagenObjectType: PlacedObject
FormKey: 0022A5:BetterShipPartFlips.esp
FormVersion: 559
Base: 1F568E:Starfield.esm
ProjectedDecal:
  WidthScale: 1
  HeightScale: 1
  UnknownFloat: 0.6
  UnknownInt: 2880154369
ProjectedDecalReferences:
- 002299:BetterShipPartFlips.esp
ConstrainedDecal: 1.6299988, 1.8899999, 0.75
Position: 0.2804607, -1.9655395, 0.21246606
Rotation: 1.8280772, 0.41456336, 3.7707665
