MutagenObjectType: PlacedObject
FormKey: 0022A8:BetterShipPartFlips.esp
FormVersion: 559
Base: 1F568E:Starfield.esm
ProjectedDecal:
  WidthScale: 1
  HeightScale: 1
  UnknownFloat: 0.6
  UnknownInt: 2880154369
ProjectedDecalReferences:
- 002299:BetterShipPartFlips.esp
ConstrainedDecal: 1.6299988, 1.8899999, 0.75
Position: 0.6564287, 0.8601024, 0.76639795
Rotation: 3.1415927, 0.8983179, 3.926991
