MutagenObjectType: PlacedObject
FormKey: 0022A4:BetterShipPartFlips.esp
FormVersion: 559
Base: 1F568E:Starfield.esm
ProjectedDecal:
  WidthScale: 1
  HeightScale: 1
  UnknownFloat: 0.6
  UnknownInt: 2880154369
ProjectedDecalReferences:
- 002299:BetterShipPartFlips.esp
ConstrainedDecal: 1.6299988, 1.8899999, 0.75
Position: 3.5486882, 0.64988315, 0.64170647
Rotation: 3.1415915, 1.0444595, 3.0449994
