MutagenObjectType: PlacedObject
FormKey: 0022B9:BetterShipPartFlips.esp
FormVersion: 559
Base: 1F5688:Starfield.esm
ProjectedDecal:
  WidthScale: 1
  HeightScale: 1
  UnknownFloat: 0.6
  UnknownInt: 2880154369
ProjectedDecalReferences:
- 002299:BetterShipPartFlips.esp
ConstrainedDecal: 2.3100019, 1.0200009, 0.75
Position: 0.27214828, 1.6334656, -1.1143994
Rotation: -0.054556917, 0.59970033, 6.252373
