MutagenObjectType: PlacedObject
FormKey: 00229C:BetterShipPartFlips.esp
FormVersion: 559
Base: 1F568E:Starfield.esm
ProjectedDecal:
  WidthScale: 1
  HeightScale: 1
  UnknownFloat: 0.6
  UnknownInt: 2880154369
ProjectedDecalReferences:
- 002299:BetterShipPartFlips.esp
ConstrainedDecal: 1.6299988, 1.8899999, 0.75
Position: 1.7187212, -2.050577, -0.30315852
Rotation: 0.77387094, -0.7339527, 5.1800284
