MutagenObjectType: PlacedObject
FormKey: 0022AD:BetterShipPartFlips.esp
FormVersion: 559
Base: 099C8E:Starfield.esm
ProjectedDecal:
  WidthScale: 1
  HeightScale: 1
  UnknownFloat: 0.6
  UnknownInt: 2880154369
ProjectedDecalReferences:
- 002299:BetterShipPartFlips.esp
ConstrainedDecal: 1.5627267, 0.51000077, 0.5
Position: 1.9127638, -1.30277, 1.2382363
Rotation: -3.1415927, -0.44856232, 1.5707964
