MutagenObjectType: PlacedObject
FormKey: 0022A6:BetterShipPartFlips.esp
FormVersion: 559
Base: 099C8A:Starfield.esm
ProjectedDecal:
  WidthScale: 1
  HeightScale: 1
  UnknownFloat: 0.6
  UnknownInt: 2880154369
ProjectedDecalReferences:
- 002299:BetterShipPartFlips.esp
ConstrainedDecal: 0.9827265, 0.58000076, 0.5
Position: 1.8979304, -0.9900199, -1.2952449
Rotation: 0, -0.2988537, 4.712389
