MutagenObjectType: PlacedObject
FormKey: 0022B6:BetterShipPartFlips.esp
FormVersion: 559
Base: 1F5688:Starfield.esm
ProjectedDecal:
  WidthScale: 1
  HeightScale: 1
  UnknownFloat: 0.6
  UnknownInt: 2880154369
ProjectedDecalReferences:
- 002299:BetterShipPartFlips.esp
ConstrainedDecal: 2.3100019, 1.0200009, 0.75
Position: -1.601604, 1.6570936, -0.63794184
Rotation: -0.21393685, -1.0386198, 0.18506953
