MutagenObjectType: PlacedObject
FormKey: 0014E9:BetterShipPartFlips.esm
Base: 1F563E:Starfield.esm
ProjectedDecal:
  WidthScale: 1
  HeightScale: 1
  UnknownFloat: 0.57600003
  UnknownInt: 2880154369
ProjectedDecalReferences:
- 001571:BetterShipPartFlips.esm
ConstrainedDecal: 4, 3.3318, 0.75
Position: 4.8519998, 1.859, 1.677
Rotation: 6.283133, 3.1421688, 4.712389
