MutagenObjectType: PlacedObject
FormKey: 0018BB:BetterShipPartFlips.esm
Base: 1F5655:Starfield.esm
ProjectedDecal:
  WidthScale: 1
  HeightScale: 1
  UnknownFloat: 0.6
  UnknownInt: 2880154369
ProjectedDecalReferences:
- 0018DB:BetterShipPartFlips.esm
ConstrainedDecal: 4.5928, 3.51, 0.5000001
Position: 4.4803, -1.8392, 1.7478
Rotation: 0.00019896754, 3.1405365, 1.5707963
