MutagenObjectType: PlacedObject
FormKey: 000C84:BetterShipPartFlips.esp
FormVersion: 559
Base: 099C88:Starfield.esm
ProjectedDecal:
  WidthScale: 1
  HeightScale: 1
  UnknownFloat: 0.42400002
  UnknownInt: 2880154369
ConstrainedDecal: 3, 1.5, 0.5
Position: 1.014648, -2.945454, -0.8710795
Rotation: -1.7108076, 1.5707964, 6.1567855
