MutagenObjectType: PlacedObject
FormKey: 000AD3:BetterShipPartFlips.esp
FormVersion: 559
Base: 099C8A:Starfield.esm
ProjectedDecal:
  WidthScale: 1
  HeightScale: 1
  UnknownFloat: 0.6
  UnknownInt: 2880154369
ConstrainedDecal: 4, 2, 0.5
Position: -1.2500001, -3.1489878, -0.752645
Rotation: 1.0988421, -1.5707964, 0.4565618
