MutagenObjectType: PlacedObject
FormKey: 0016AD:BetterShipPartFlips.esm
FormVersion: 559
Base: 1F5607:Starfield.esm
ProjectedDecal:
  WidthScale: 1
  HeightScale: 1
  UnknownFloat: 0.4
  UnknownInt: 2880154369
ProjectedDecalReferences:
- 0016AF:BetterShipPartFlips.esm
ConstrainedDecal: 3.1012, 2.8753, 0.7499999
Position: 1.753, 4.4032, 2.6778
Rotation: 6.283107, 1.5693822, 0.00025273918
