MutagenObjectType: PlacedObject
FormKey: 002239:BetterShipPartFlips.esp
FormVersion: 559
Base: 1F568E:Starfield.esm
ProjectedDecal:
  WidthScale: 1
  HeightScale: 1
  UnknownFloat: 0.4
  UnknownInt: 2880154369
ProjectedDecalReferences:
- 002214:BetterShipPartFlips.esp
ConstrainedDecal: 3.0500026, 3.5399985, 2.5198402
Position: 0.8808443, 3.2857256, 0.6557026
Rotation: -1.7522835, 0.15301707, 5.5707974
