MutagenObjectType: PlacedObject
FormKey: 00222B:BetterShipPartFlips.esp
FormVersion: 559
Base: 1F5688:Starfield.esm
ProjectedDecal:
  WidthScale: 1
  HeightScale: 1
  UnknownFloat: 0.6
  UnknownInt: 2880154369
ProjectedDecalReferences:
- 002214:BetterShipPartFlips.esp
ConstrainedDecal: 4, 2, 0.75
Position: 3.1524374, 0.06953538, 1.3799909
Rotation: -2.9340253, 1.170377, 0.17856129
