MutagenObjectType: PlacedObject
FormKey: 002237:BetterShipPartFlips.esp
FormVersion: 559
Base: 1F568E:Starfield.esm
ProjectedDecal:
  WidthScale: 1
  HeightScale: 1
  UnknownFloat: 0.4
  UnknownInt: 2880154369
ProjectedDecalReferences:
- 002214:BetterShipPartFlips.esp
ConstrainedDecal: 3.0500026, 3.5399985, 2.5198402
Position: -3.4372854, 0.59404165, -0.3415624
Rotation: -2.3621008, -1.458184, 5.5988746
