MutagenObjectType: PlacedObject
FormKey: 00222F:BetterShipPartFlips.esp
FormVersion: 559
Base: 1F5688:Starfield.esm
ProjectedDecal:
  WidthScale: 1
  HeightScale: 1
  UnknownFloat: 0.6
  UnknownInt: 2880154369
ProjectedDecalReferences:
- 002214:BetterShipPartFlips.esp
ConstrainedDecal: 4, 2, 0.75
Position: 3.337777, -0.05469878, -0.8394421
Rotation: 0.3302206, 1.3221827, 0.33816597
