MutagenObjectType: PlacedObject
FormKey: 002221:BetterShipPartFlips.esp
FormVersion: 559
Base: 1F563F:Starfield.esm
ProjectedDecal:
  WidthScale: 1
  HeightScale: 1
  UnknownFloat: 0.37
  UnknownInt: 2880154369
ConstrainedDecal: 2.6383, 2.5727, 0.5
Position: -3.0060546, -4, 1.1447426
Rotation: 1.5707965, 7.614245E-08, 0.06454673
