MutagenObjectType: PlacedObject
FormKey: 00222D:BetterShipPartFlips.esp
FormVersion: 559
Base: 1F5674:Starfield.esm
ProjectedDecal:
  WidthScale: 1
  HeightScale: 1
  UnknownFloat: 0.2
  UnknownInt: 2880154369
ProjectedDecalReferences:
- 002214:BetterShipPartFlips.esp
ConstrainedDecal: 2.960001, 2.6300013, 2
Position: 2.7683434, -1.2904379, -1.5799965
Rotation: 0.6704261, 0.90821445, 0.11710621
