MutagenObjectType: PlacedObject
FormKey: 00222C:BetterShipPartFlips.esp
FormVersion: 559
Base: 1F5673:Starfield.esm
ProjectedDecal:
  WidthScale: 1
  HeightScale: 1
  UnknownFloat: 0.2
  UnknownInt: 2880154369
ProjectedDecalReferences:
- 002214:BetterShipPartFlips.esp
ConstrainedDecal: 2.960001, 2.6300013, 2
Position: 2.2052617, -1.638722, -2.0804029
Rotation: 0.75419974, 0.7050954, 3.6885126
