MutagenObjectType: PlacedObject
FormKey: 002229:BetterShipPartFlips.esp
FormVersion: 559
Base: 1F568E:Starfield.esm
ProjectedDecal:
  WidthScale: 1
  HeightScale: 1
  UnknownFloat: 0.4
  UnknownInt: 2880154369
ProjectedDecalReferences:
- 002214:BetterShipPartFlips.esp
ConstrainedDecal: 3.0500026, 3.5399985, 2.5198402
Position: -1.2212341, -3.2178879, -0.18386494
Rotation: 1.5379331, -0.39169005, 3.545142
