MutagenObjectType: PlacedObject
FormKey: 0009FE:BetterShipPartFlips.esm
FormVersion: 559
Base: 1F5606:Starfield.esm
ProjectedDecal:
  WidthScale: 1
  HeightScale: 1
  UnknownFloat: 0.5
  UnknownInt: 2880154369
ProjectedDecalReferences:
- 000A05:BetterShipPartFlips.esm
ConstrainedDecal: 4, 3.8929996, 2.3263094
Position: -0.7355845, 1.4883748, 0.05232608
Rotation: -5.448887E-08, -0.9607961, 1.5707965
