MutagenObjectType: PlacedObject
FormKey: 001777:BetterShipPartFlips.esm
FormVersion: 559
Base: 1F5607:Starfield.esm
ProjectedDecal:
  WidthScale: 1
  HeightScale: 1
  UnknownFloat: 0.47800002
  UnknownInt: 2880154369
ProjectedDecalReferences:
- 00177F:BetterShipPartFlips.esm
ConstrainedDecal: 3.4858, 4, 0.75
Position: -0.9102, -1.1113, 1.8973
Rotation: 3.2339973, 1.4342715, 6.0702186
