MutagenObjectType: PlacedObject
FormKey: 000B73:BetterShipPartFlips.esm
FormVersion: 559
Base: 1F55FE:Starfield.esm
ProjectedDecal:
  WidthScale: 1
  HeightScale: 1
  UnknownFloat: 0.8
  UnknownInt: 2880154369
ConstrainedDecal: 2.19, 1.43, 0.75
Position: 0.0075857607, 2.7660358, 1.7558596
Rotation: -3.1415927, -0, 1.5707964
