MutagenObjectType: PlacedObject
FormKey: 004250:BetterShipPartFlips.esp
FormVersion: 559
Base: 001E1F:Starfield.esm
LinkedReferences:
- Reference: 00B15E:Starfield.esm
IsLinkedRefTransient: True
Scale: 0.35
Position: 1.2497369, 2.8879728, -2.143355
Rotation: 4.7757914E-07, 0.5033996, 3.4022936E-08
