MutagenObjectType: PlacedObject
FormKey: 001747:BetterShipPartFlips.esp
FormVersion: 559
Base: 1F55FE:Starfield.esm
ProjectedDecal:
  WidthScale: 1
  HeightScale: 1
  UnknownFloat: 0.68500006
  UnknownInt: 2880154369
ProjectedDecalReferences:
- 001751:BetterShipPartFlips.esp
ConstrainedDecal: 4.0211, 2.7794, 0.75
Position: -1.6993, -1.8977, 2.1661
Rotation: 4.7115965, 1.411757E-06, 4.7112474
