MutagenObjectType: PlacedObject
FormKey: 0021EC:BetterShipPartFlips.esp
FormVersion: 559
Base: 1F568E:Starfield.esm
ProjectedDecal:
  WidthScale: 1
  HeightScale: 1
  UnknownFloat: 0.4
  UnknownInt: 2880154369
ProjectedDecalReferences:
- 0021E9:BetterShipPartFlips.esp
ConstrainedDecal: 3.0500026, 3.5399985, 2.5198402
Position: -2.3195584, 1.5347795, -0.7895558
Rotation: 0.5493204, -0.3119184, 1.5707964
