MutagenObjectType: PlacedObject
FormKey: 000903:BetterShipPartFlips.esm
FormVersion: 559
Base: 1F564E:Starfield.esm
ProjectedDecal:
  WidthScale: 1
  HeightScale: 1
  UnknownFloat: 0.526
  UnknownInt: 2880154369
ProjectedDecalReferences:
- 000902:BetterShipPartFlips.esm
ConstrainedDecal: 4.5039, 4.145, 1.6002531
Position: -1.1597017, 1.3483884, 1.0433551
Rotation: -3.1415925, -0.23671488, 2.0289998
