MutagenObjectType: PlacedObject
FormKey: 0014CD:BetterShipPartFlips.esp
FormVersion: 559
Base: 1F55FE:Starfield.esm
ProjectedDecal:
  WidthScale: 1
  HeightScale: 1
  UnknownFloat: 0.4
  UnknownInt: 2880154369
ProjectedDecalReferences:
- 001573:BetterShipPartFlips.esp
ConstrainedDecal: 3.3841596, 3.3318, 0.7499999
Position: 1.329, 0.085, -1.75
Rotation: 0.00038397242, 0.0018151423, 4.712389
