MutagenObjectType: PlacedObject
FormKey: 000F95:BetterShipPartFlips.esp
FormVersion: 559
Base: 1F564F:Starfield.esm
ProjectedDecal:
  WidthScale: 1
  HeightScale: 1
  UnknownFloat: 0.4
  UnknownInt: 2880154369
ProjectedDecalReferences:
- 000F7F:BetterShipPartFlips.esp
ConstrainedDecal: 2.8062, 2.62, 1.1336646
Position: 0.47605506, -2.9661326, -1.0803012
Rotation: -0.24767946, 2.1881629E-06, 1.5707964
