MutagenObjectType: PlacedObject
FormKey: 0042FF:BetterShipPartFlips.esm
FormVersion: 559
Base: 001E19:Starfield.esm
LinkedReferences:
- Reference: 00B0E2:Starfield.esm
IsLinkedRefTransient: True
Scale: 0.099999994
Position: -3.764248, -3.3963368, -0.88075274
Rotation: 0.00025456832, -0.526559, 6.283057
