MutagenObjectType: PlacedObject
FormKey: 00430E:BetterShipPartFlips.esm
FormVersion: 559
Base: 1F5605:Starfield.esm
ProjectedDecal:
  WidthScale: 1
  HeightScale: 1
  UnknownFloat: 0.467
  UnknownInt: 2880154369
ConstrainedDecal: 3.5385542, 3.1004434, 1.4402285
Position: -2.3816364, -2.5504012, -1.5986328
Rotation: 0, -0, 6.266982
