MutagenObjectType: PlacedObject
FormKey: 004301:BetterShipPartFlips.esm
FormVersion: 559
Base: 001E19:Starfield.esm
LinkedReferences:
- Reference: 00B0E4:Starfield.esm
IsLinkedRefTransient: True
Scale: 0.099999994
Position: 3.6862552, -3.3974142, 0.92496645
Rotation: 3.1413376, 0.5265591, 6.283057
