MutagenObjectType: PlacedObject
FormKey: 004313:BetterShipPartFlips.esm
FormVersion: 559
Base: 1F5606:Starfield.esm
ProjectedDecal:
  WidthScale: 1
  HeightScale: 1
  UnknownFloat: 0.467
  UnknownInt: 2880154369
ProjectedDecalReferences:
- 0042F8:BetterShipPartFlips.esm
ConstrainedDecal: 2, 2.1803, 1.4402285
Position: -3.341281, -2.9921708, -1.1265218
Rotation: -0.00025454836, -0.52655876, 3.1417208
