MutagenObjectType: PlacedObject
FormKey: 004314:BetterShipPartFlips.esm
FormVersion: 559
Base: 1F5606:Starfield.esm
ProjectedDecal:
  WidthScale: 1
  HeightScale: 1
  UnknownFloat: 0.467
  UnknownInt: 2880154369
ConstrainedDecal: 3, 2.1803, 1.4402285
Position: -2.5401175, 0.30242813, 1.5844038
Rotation: 2.761192, -0.2500001, 0.09861041
