MutagenObjectType: PlacedObject
FormKey: 004315:BetterShipPartFlips.esm
FormVersion: 559
Base: 1F5606:Starfield.esm
ProjectedDecal:
  WidthScale: 1
  HeightScale: 1
  UnknownFloat: 0.467
  UnknownInt: 2880154369
ProjectedDecalReferences:
- 0042F8:BetterShipPartFlips.esm
ConstrainedDecal: 3, 2.1803, 1.4402285
Position: 3.0153303, -0.5527464, 1.316535
Rotation: -2.6612384, 0.47623608, 0.23447973
