MutagenObjectType: PlacedObject
FormKey: 004307:BetterShipPartFlips.esm
FormVersion: 559
Base: 001E19:Starfield.esm
LinkedReferences:
- Reference: 00B0DA:Starfield.esm
IsLinkedRefTransient: True
Scale: 0.099999994
Position: -3.688187, 3.3968034, 0.9249664
Rotation: -3.1413379, -0.5265593, 3.1414647
