MutagenObjectType: PlacedObject
FormKey: 00084A:BetterShipPartFlips.esm
FormVersion: 559
Base: 1F5606:Starfield.esm
ProjectedDecal:
  WidthScale: 1
  HeightScale: 1
  UnknownFloat: 0.6
  UnknownInt: 2880154369
ProjectedDecalReferences:
- 000848:BetterShipPartFlips.esm
ConstrainedDecal: 4.5039, 4.5355, 1.6002531
Position: 1.7945404, -0.9437336, 1.750001
Rotation: 3.1415927, 0, 4.712389
