MutagenObjectType: PlacedObject
FormKey: 00432B:BetterShipPartFlips.esm
FormVersion: 559
Base: 001E19:Starfield.esm
LinkedReferences:
- Reference: 00B112:Starfield.esm
IsLinkedRefTransient: True
Scale: 0.14
Position: 0.0037071258, -1.6108673, -1.2924755
Rotation: -2.3841832E-07, 2.6609216E-08, 4.7123895
