MutagenObjectType: PlacedObject
FormKey: 00432C:BetterShipPartFlips.esm
FormVersion: 559
Base: 001E19:Starfield.esm
LinkedReferences:
- Reference: 00B111:Starfield.esm
IsLinkedRefTransient: True
Scale: 0.14
Position: -0.2243672, 2.082801, -1.2927918
Rotation: -2.3841832E-07, 2.6609216E-08, 4.7123895
