MutagenObjectType: PlacedObject
FormKey: 000888:BetterShipPartFlips.esm
FormVersion: 559
Base: 1F5654:Starfield.esm
ProjectedDecal:
  WidthScale: 1
  HeightScale: 1
  UnknownFloat: 0.446
  UnknownInt: 2880154369
ProjectedDecalReferences:
- 00088D:BetterShipPartFlips.esm
ConstrainedDecal: 2.6700013, 3.2700007, 0.75
Position: 0.14402819, 2.5799484, 0.17450854
Rotation: -3.1415927, -0, 1.5707964
