MutagenObjectType: PlacedObject
FormKey: 000889:BetterShipPartFlips.esm
Base: 1F5654:Starfield.esm
ProjectedDecal:
  WidthScale: 1
  HeightScale: 1
  UnknownFloat: 0.30400002
  UnknownInt: 2880154369
ProjectedDecalReferences:
- 00088D:BetterShipPartFlips.esm
ConstrainedDecal: 2.67, 3.27, 0.75
Position: -2.5542173, -2.1622863, 1.1730704
Rotation: -2.824081, -0.3919887, 6.158308
