MutagenObjectType: PlacedObject
FormKey: 000FDD:BetterShipPartFlips.esp
FormVersion: 559
Base: 1F564E:Starfield.esm
ProjectedDecal:
  WidthScale: 1
  HeightScale: 1
  UnknownFloat: 0.66300005
  UnknownInt: 2880154369
ProjectedDecalReferences:
- 000FD4:BetterShipPartFlips.esp
ConstrainedDecal: 2.8062, 2.0252, 0.64599264
Position: -2.6410205, 1.4191432, -1.0542008
Rotation: -0.3571447, 0, 6.2829823
