MutagenObjectType: PlacedObject
FormKey: 002293:BetterShipPartFlips.esm
FormVersion: 559
Base: 1F5688:Starfield.esm
ProjectedDecal:
  WidthScale: 1
  HeightScale: 1
  UnknownFloat: 0.6
  UnknownInt: 2880154369
ProjectedDecalReferences:
- 002283:BetterShipPartFlips.esm
ConstrainedDecal: 2.3100019, 1.0200009, 0.75
Position: 1.082283, 0.3271045, 0.45380765
Rotation: -3.1415927, -1.1952195, -0
