MutagenObjectType: PlacedObject
FormKey: 002287:BetterShipPartFlips.esm
FormVersion: 559
Base: 099C80:Starfield.esm
ProjectedDecal:
  WidthScale: 1
  HeightScale: 1
  UnknownFloat: 0.2
  UnknownInt: 2880154369
ProjectedDecalReferences:
- 002283:BetterShipPartFlips.esm
ConstrainedDecal: 4, 2, 0.5
Position: 1.8401806, -0.21958962, 1.2495542
Rotation: 3.1415927, -0.44843942, 1.5707964
