MutagenObjectType: PlacedObject
FormKey: 002296:BetterShipPartFlips.esm
FormVersion: 559
Base: 1F568E:Starfield.esm
ProjectedDecal:
  WidthScale: 1
  HeightScale: 1
  UnknownFloat: 0.6
  UnknownInt: 2880154369
ProjectedDecalReferences:
- 002283:BetterShipPartFlips.esm
ConstrainedDecal: 1.6299988, 1.8899999, 0.75
Position: 3.635243, 0.1488876, -0.42287713
Rotation: -6.549023E-07, 1.204231, 4.747593
