MutagenObjectType: PlacedObject
FormKey: 002292:BetterShipPartFlips.esm
FormVersion: 559
Base: 1F568E:Starfield.esm
ProjectedDecal:
  WidthScale: 1
  HeightScale: 1
  UnknownFloat: 0.6
  UnknownInt: 2880154369
ProjectedDecalReferences:
- 002283:BetterShipPartFlips.esm
ConstrainedDecal: 1.6299988, 1.8899999, 0.75
Position: 3.2057366, 1.1758884, -1.070215
Rotation: -4.1991737E-07, 0.59555507, 4.082007
