MutagenObjectType: PlacedObject
FormKey: 000B82:BetterShipPartFlips.esp
FormVersion: 559
Base: 1F5601:Starfield.esm
ProjectedDecal:
  WidthScale: 1
  HeightScale: 1
  UnknownFloat: 0.272
  UnknownInt: 2880154369
ConstrainedDecal: 3, 1.5, 0.75
Position: -0.015511513, 2.6834679, 0.60612345
Rotation: -2.6967669, -0, 1.5707964
