MutagenObjectType: PlacedObject
FormKey: 0042BF:BetterShipPartFlips.esm
FormVersion: 559
XALG: 0x0008000000000000
Base: 1F564F:Starfield.esm
ProjectedDecal:
  WidthScale: 1
  HeightScale: 1
  UnknownFloat: 0.261
  UnknownInt: 1
ProjectedDecalReferences:
- 0042B3:BetterShipPartFlips.esm
ConstrainedDecal: 3, 2.4, 2.4
Position: -2.3725607, -1.3348382, -1.5097656
Rotation: -4.106043E-08, -0.63900036, 1.5707965
