MutagenObjectType: PlacedObject
FormKey: 0042BA:BetterShipPartFlips.esm
FormVersion: 559
Base: 2BCA15:Starfield.esm
LinkedReferences:
- Reference: 00B11B:Starfield.esm
IsLinkedRefTransient: True
Scale: 0.17999999
Position: -2.4880092, 0.00052233855, -1.5047377
Rotation: 2.3841856E-07, 4.1392124E-08, 1.5707965
