MutagenObjectType: PlacedObject
FormKey: 0042B6:BetterShipPartFlips.esm
FormVersion: 559
Base: 2BCA15:Starfield.esm
LinkedReferences:
- Reference: 00B117:Starfield.esm
IsLinkedRefTransient: True
Scale: 0.17999999
Position: -2.4880092, 0.00052233855, 1.5035305
Rotation: 3.1415925, -2.7945013E-08, 4.7123895
