MutagenObjectType: PlacedObject
FormKey: 001F19:BetterShipPartFlips.esp
FormVersion: 559
Base: 29E425:Starfield.esm
ProjectedDecal:
  WidthScale: 1
  HeightScale: 1
  UnknownFloat: 0.30000004
  UnknownInt: 2880154369
ConstrainedDecal: 3.4600003, 2.3200014, 0.1
Position: 2.1588423, 0.037619084, -1.501953
Rotation: -0, 1.192093E-07, 1.5707963
