MutagenObjectType: PlacedObject
FormKey: 001F17:BetterShipPartFlips.esp
FormVersion: 559
Base: 099C86:Starfield.esm
ProjectedDecal:
  WidthScale: 1
  HeightScale: 1
  UnknownFloat: 0.6749999
  UnknownInt: 2880154369
ConstrainedDecal: 0.8600016, 0.4500001, 0.5
Position: -0.025045346, -0.6543292, -1.4999998
Rotation: -0, 1.192093E-07, 1.5707963
