MutagenObjectType: PlacedObject
FormKey: 001F10:BetterShipPartFlips.esp
FormVersion: 559
Base: 29E425:Starfield.esm
ProjectedDecal:
  WidthScale: 1
  HeightScale: 1
  UnknownFloat: 0.25
  UnknownInt: 2880154369
ConstrainedDecal: 3.5300002, 1.5900016, 0.1
Position: 1.4900633, -1.6602483, 1.5154961
Rotation: -3.1415927, -1.192093E-07, 0
