MutagenObjectType: PlacedObject
FormKey: 001F11:BetterShipPartFlips.esp
FormVersion: 559
Base: 1F560E:Starfield.esm
ProjectedDecal:
  WidthScale: 1
  HeightScale: 1
  UnknownFloat: 0.32500002
  UnknownInt: 2880154369
ConstrainedDecal: 3.66, 1.4500005, 0.5
Position: 0.44688165, -0.38318503, 1.3082707
Rotation: -3.1415927, -1.192093E-07, 1.5707965
