MutagenObjectType: PlacedObject
FormKey: 001F0A:BetterShipPartFlips.esp
FormVersion: 559
Base: 29E425:Starfield.esm
ProjectedDecal:
  WidthScale: 1
  HeightScale: 1
  UnknownFloat: 0.125
  UnknownInt: 2880154369
ConstrainedDecal: 2.770001, 1.6300031, 0.1
Position: -3.7519526, -0.019714534, 0.09457101
Rotation: 3.1415927, -1.5707964, 0
