MutagenObjectType: PlacedObject
FormKey: 001F1E:BetterShipPartFlips.esp
FormVersion: 559
Base: 099C86:Starfield.esm
ProjectedDecal:
  WidthScale: 1
  HeightScale: 1
  UnknownFloat: 0.6499999
  UnknownInt: 2880154369
ConstrainedDecal: 0.6800018, 0.4225, 0.5
Position: -3.7519524, -3.2353458, 1.1152209
Rotation: -1.5707963, -1.5707964, 0
