MutagenObjectType: PlacedObject
FormKey: 001F0E:BetterShipPartFlips.esp
FormVersion: 559
Base: 1F5648:Starfield.esm
ProjectedDecal:
  WidthScale: 1
  HeightScale: 1
  UnknownFloat: 0.55
  UnknownInt: 2880154369
ConstrainedDecal: 2.8, 2.4199996, 0.5
Position: -1.4895678, -0.111979425, 1.496321
Rotation: -3.1415927, -1.192093E-07, 1.5707965
