MutagenObjectType: PlacedObject
FormKey: 001F53:BetterShipPartFlips.esp
FormVersion: 559
Base: 1F560E:Starfield.esm
ProjectedDecal:
  WidthScale: 1
  HeightScale: 1
  UnknownFloat: 0.20000002
  UnknownInt: 2880154369
ConstrainedDecal: 4, 2, 0.5
Position: -1.9845829, -0.08431935, 1.5019531
Rotation: -3.1415927, -1.192093E-07, 4.712389
