MutagenObjectType: PlacedObject
FormKey: 000DA7:BetterShipPartFlips.esm
Base: 1F563E:Starfield.esm
ProjectedDecal:
  WidthScale: 1
  HeightScale: 1
  UnknownFloat: 0.45700002
  UnknownInt: 2880154369
ProjectedDecalReferences:
- 000DA1:BetterShipPartFlips.esm
ConstrainedDecal: 3.9987, 3.0787, 1.1336648
Position: 1.5410957, -2.4581053, -0.44470057
Rotation: -3.1415927, 0.0013088995, 3.1415927
