MutagenObjectType: PlacedObject
FormKey: 000DA4:BetterShipPartFlips.esm
Base: 1F55FE:Starfield.esm
ProjectedDecal:
  WidthScale: 1
  HeightScale: 1
  UnknownFloat: 1
  UnknownInt: 2880154369
ProjectedDecalReferences:
- 000DA1:BetterShipPartFlips.esm
ConstrainedDecal: 3.269, 2.2322, 1.1336648
Position: 0.5261028, -3.750287, -0.69456303
Rotation: 1.5707964, 5.960464E-08, 3.2292044
