MutagenObjectType: PlacedObject
FormKey: 002118:BetterShipPartFlips.esm
FormVersion: 559
Base: 29E425:Starfield.esm
ProjectedDecal:
  WidthScale: 1
  HeightScale: 1
  UnknownFloat: 0.22499996
  UnknownInt: 2880154369
ConstrainedDecal: 0.9800028, 0.8600002, 0.9740097
Position: -3.452898, 1.0404904, 0.92092574
Rotation: -1.1919333E-07, -1.5707964, 0
