MutagenObjectType: PlacedObject
FormKey: 002130:BetterShipPartFlips.esm
FormVersion: 559
Base: 1F5648:Starfield.esm
ProjectedDecal:
  WidthScale: 1
  HeightScale: 1
  UnknownFloat: 0.6750003
  UnknownInt: 2880154369
ConstrainedDecal: 2.86, 2.37, 0.75
Position: -3.6169765, 1.9831693, 0.19308245
Rotation: 1.5707964, -1.5707964, 0
