MutagenObjectType: PlacedObject
FormKey: 00211D:BetterShipPartFlips.esm
FormVersion: 559
Base: 1F560E:Starfield.esm
ProjectedDecal:
  WidthScale: 1
  HeightScale: 1
  UnknownFloat: 0.47499996
  UnknownInt: 2880154369
ConstrainedDecal: 3.1900003, 1.3500001, 0.5
Position: -3.7193656, -1.3591883, -0.23417822
Rotation: 1.5707964, -1.5668597, 1.5707963
