MutagenObjectType: PlacedObject
FormKey: 002120:BetterShipPartFlips.esm
FormVersion: 559
Base: 099C86:Starfield.esm
ProjectedDecal:
  WidthScale: 1
  HeightScale: 1
  UnknownFloat: 0.6750003
  UnknownInt: 2880154369
ConstrainedDecal: 1.870002, 0.6800005, 0.5
Position: 1.054943, -0.91918695, 1.4385093
Rotation: 3.1415927, 0, 0.7853982
