MutagenObjectType: PlacedObject
FormKey: 002111:BetterShipPartFlips.esm
FormVersion: 559
Base: 1F560E:Starfield.esm
ProjectedDecal:
  WidthScale: 1
  HeightScale: 1
  UnknownFloat: 0.34999993
  UnknownInt: 2880154369
ConstrainedDecal: 2.460001, 1.6849998, 0.5
Position: 3.985492, -1.7509868, 0.006324813
Rotation: 1.5707964, 1.5707964, 0
