MutagenObjectType: PlacedObject
FormKey: 00210D:BetterShipPartFlips.esm
FormVersion: 559
Base: 29E425:Starfield.esm
ProjectedDecal:
  WidthScale: 1
  HeightScale: 1
  UnknownFloat: 0.17499995
  UnknownInt: 2880154369
ConstrainedDecal: 1.4300025, 0.98000014, 0.9740097
Position: -2.2161179, 3.454968, 0.7734055
Rotation: -1.5707964, -8.4703295E-22, 1.5707965
