MutagenObjectType: PlacedObject
FormKey: 002124:BetterShipPartFlips.esm
FormVersion: 559
Base: 1F5648:Starfield.esm
ProjectedDecal:
  WidthScale: 1
  HeightScale: 1
  UnknownFloat: 0.6750003
  UnknownInt: 2880154369
ConstrainedDecal: 2.86, 2.37, 0.75
Position: 3.9050431, 3.0945828, 0.18677723
Rotation: 1.5707964, 1.5668749, 3.1415927
