MutagenObjectType: PlacedObject
FormKey: 002126:BetterShipPartFlips.esm
FormVersion: 559
Base: 099C86:Starfield.esm
ProjectedDecal:
  WidthScale: 1
  HeightScale: 1
  UnknownFloat: 0.42500046
  UnknownInt: 2880154369
ConstrainedDecal: 1.1300027, 1.0200001, 0.5
Position: 3.6796987, 1.200782, -0.06975269
Rotation: -1.1919333E-07, 1.5707964, 0
