MutagenObjectType: PlacedObject
FormKey: 00210B:BetterShipPartFlips.esm
FormVersion: 559
Base: 1F560E:Starfield.esm
ProjectedDecal:
  WidthScale: 1
  HeightScale: 1
  UnknownFloat: 0.34999993
  UnknownInt: 2880154369
ConstrainedDecal: 2.7000008, 0.89000016, 0.5
Position: -3.906755, 2.9270809, 0.030622125
Rotation: 1.5707964, -1.5668597, 1.5707963
