MutagenObjectType: PlacedObject
FormKey: 00213A:BetterShipPartFlips.esm
FormVersion: 559
Base: 29E425:Starfield.esm
ProjectedDecal:
  WidthScale: 1
  HeightScale: 1
  UnknownFloat: 0.325
  UnknownInt: 2880154369
ConstrainedDecal: 0.9700029, 0.96000016, 0.9740097
Position: -1.075036, -1.071508, -1.1874583
Rotation: -0, -7.434597E-29, 4.712389
