MutagenObjectType: PlacedObject
FormKey: 002139:BetterShipPartFlips.esm
FormVersion: 559
Base: 1F560E:Starfield.esm
ProjectedDecal:
  WidthScale: 1
  HeightScale: 1
  UnknownFloat: 0.32499993
  UnknownInt: 2880154369
ConstrainedDecal: 3.1900003, 1.3500001, 0.5
Position: -2.0835705, 3.1065204, 1.6601553
Rotation: 3.1415927, -0, 3.1415927
