MutagenObjectType: PlacedObject
FormKey: 002125:BetterShipPartFlips.esm
FormVersion: 559
Base: 099C86:Starfield.esm
ProjectedDecal:
  WidthScale: 1
  HeightScale: 1
  UnknownFloat: 0.5500004
  UnknownInt: 2880154369
ConstrainedDecal: 1.870002, 0.6800005, 0.5
Position: -1.1286081, -0.8773395, 1.4312923
Rotation: -3.1415927, 5.4726365E-29, 2.3142967
