MutagenObjectType: PlacedObject
FormKey: 002109:BetterShipPartFlips.esm
FormVersion: 559
Base: 29E425:Starfield.esm
ProjectedDecal:
  WidthScale: 1
  HeightScale: 1
  UnknownFloat: 0.17499995
  UnknownInt: 2880154369
ConstrainedDecal: 1.7600021, 1.8099995, 0.9740097
Position: -3.821127, -1.2472268, 0.0104430895
Rotation: -1.1919333E-07, -1.5707964, 0
