MutagenObjectType: PlacedObject
FormKey: 001FD6:BetterShipPartFlips.esm
FormVersion: 559
Base: 29E425:Starfield.esm
ProjectedDecal:
  WidthScale: 1
  HeightScale: 1
  UnknownFloat: 0.15
  UnknownInt: 2880154369
ConstrainedDecal: 0.72999996, 1.000003, 0.1
Position: 2.282749, -1.0855222, 0.9072449
Rotation: -1.1919333E-07, -1.5707964, 0
