MutagenObjectType: PlacedObject
FormKey: 001FDA:BetterShipPartFlips.esm
FormVersion: 559
Base: 1E867E:Starfield.esm
ProjectedDecal:
  WidthScale: 1
  HeightScale: 1
  UnknownFloat: 0.4
  UnknownInt: 2880154369
ConstrainedDecal: 8, 8, 0.1
Position: 3.092298, 0.42705408, -1.8212882
Rotation: 1.7482212E-07, -3.0570967E-14, 3.1415927
