MutagenObjectType: PlacedObject
FormKey: 001FE1:BetterShipPartFlips.esm
FormVersion: 559
Base: 1F5648:Starfield.esm
ProjectedDecal:
  WidthScale: 1
  HeightScale: 1
  UnknownFloat: 0.9250001
  UnknownInt: 2880154369
ConstrainedDecal: 2.6375015, 2.0824997, 0.5
Position: 2.4082754, -0.843165, 0.21898335
Rotation: -1.5707963, -1.0768548, 1.5707964
