MutagenObjectType: PlacedObject
FormKey: 001FD8:BetterShipPartFlips.esm
FormVersion: 559
Base: 1E867E:Starfield.esm
ProjectedDecal:
  WidthScale: 1
  HeightScale: 1
  UnknownFloat: 0.4
  UnknownInt: 2880154369
ConstrainedDecal: 8, 8, 0.1
Position: 3.303313, 1.8798823, 0.49547783
Rotation: -1.5707963, 1.7484555E-07, 1.5707964
