MutagenObjectType: PlacedObject
FormKey: 001FE3:BetterShipPartFlips.esm
FormVersion: 559
Base: 29E425:Starfield.esm
ProjectedDecal:
  WidthScale: 1
  HeightScale: 1
  UnknownFloat: 0.15
  UnknownInt: 2880154369
ConstrainedDecal: 1.0100007, 1.2700026, 0.1
Position: 3.108186, 1.8570645, -0.11499273
Rotation: -1.5707963, 1.7484555E-07, 1.5707964
