MutagenObjectType: PlacedObject
FormKey: 004298:BetterShipPartFlips.esm
FormVersion: 559
XALG: 0x0008000000000000
Base: 1F5654:Starfield.esm
ProjectedDecal:
  WidthScale: 1
  HeightScale: 1
  UnknownFloat: 0.661
  UnknownInt: 1
ConstrainedDecal: 3, 3, 2.478293
Position: -3.3, -3.3, -1.1
Rotation: 1.5660181, -0.7853925, 3.1449716
