MutagenObjectType: PlacedObject
FormKey: 00428A:BetterShipPartFlips.esm
FormVersion: 559
Base: 001E1F:Starfield.esm
LinkedReferences:
- Reference: 00B133:Starfield.esm
IsLinkedRefTransient: True
Scale: 0.19999999
Position: -3.2603831, 3.28779, 1.9654888
Rotation: -1.5660146, -0.78539175, 3.1382082
