MutagenObjectType: PlacedObject
FormKey: 00429A:BetterShipPartFlips.esm
FormVersion: 559
XALG: 0x0008000000000000
Base: 1F5654:Starfield.esm
ProjectedDecal:
  WidthScale: 1
  HeightScale: 1
  UnknownFloat: 0.661
  UnknownInt: 1
ProjectedDecalReferences:
- 004283:BetterShipPartFlips.esm
ConstrainedDecal: 3, 3, 2.478293
Position: 3, 3.6000001, -1.2
Rotation: -1.5707965, 0.80500346, 1.6000001
