MutagenObjectType: PlacedObject
FormKey: 00229E:BetterShipPartFlips.esm
FormVersion: 559
Base: 1F5688:Starfield.esm
ProjectedDecal:
  WidthScale: 1
  HeightScale: 1
  UnknownFloat: 0.6
  UnknownInt: 2880154369
ProjectedDecalReferences:
- 002299:BetterShipPartFlips.esm
ConstrainedDecal: 2.3100019, 1.0200009, 0.75
Position: -1.5591894, -1.2567735, -0.78953475
Rotation: -3.0381707E-07, -1.0486473, 3.141593
