MutagenObjectType: PlacedObject
FormKey: 0022AB:BetterShipPartFlips.esm
FormVersion: 559
Base: 1F5688:Starfield.esm
ProjectedDecal:
  WidthScale: 1
  HeightScale: 1
  UnknownFloat: 0.6
  UnknownInt: 2880154369
ProjectedDecalReferences:
- 002299:BetterShipPartFlips.esm
ConstrainedDecal: 2.3100019, 1.0200009, 0.75
Position: -1.2966594, 0.7232922, -1.0604134
Rotation: -1.1859279E-07, -0.5960561, 3.1415927
