MutagenObjectType: PlacedObject
FormKey: 0022A1:BetterShipPartFlips.esm
FormVersion: 559
Base: 1F5688:Starfield.esm
ProjectedDecal:
  WidthScale: 1
  HeightScale: 1
  UnknownFloat: 0.6
  UnknownInt: 2880154369
ProjectedDecalReferences:
- 002299:BetterShipPartFlips.esm
ConstrainedDecal: 2.3100019, 1.0200009, 0.75
Position: -1.4800153, -1.6335171, 0.88032776
Rotation: -3.1415925, -0.8945517, 0
