MutagenObjectType: PlacedObject
FormKey: 0022B3:BetterShipPartFlips.esm
FormVersion: 559
Base: 1F5673:Starfield.esm
ProjectedDecal:
  WidthScale: 1
  HeightScale: 1
  UnknownFloat: 0.4
  UnknownInt: 2880154369
ProjectedDecalReferences:
- 002299:BetterShipPartFlips.esm
ConstrainedDecal: 2.5800014, 1.4400027, 2
Position: 3.4695888, 1.7185408, 0.6412494
Rotation: -2.4297984, 0.7579178, 3.7554317
