MutagenObjectType: PlacedObject
FormKey: 0022B4:BetterShipPartFlips.esm
FormVersion: 559
Base: 1F5674:Starfield.esm
ProjectedDecal:
  WidthScale: 1
  HeightScale: 1
  UnknownFloat: 0.4
  UnknownInt: 2880154369
ProjectedDecalReferences:
- 002299:BetterShipPartFlips.esm
ConstrainedDecal: 2.5800014, 1.4400027, 2
Position: 1.4830803, 2.1280193, -0.6704026
Rotation: -0.5355386, -0.6741284, 1.6131561
