MutagenObjectType: PlacedObject
FormKey: 00424C:BetterShipPartFlips.esm
FormVersion: 559
Base: 1F5608:Starfield.esm
ProjectedDecal:
  WidthScale: 1
  HeightScale: 1
  UnknownFloat: 0.6
  UnknownInt: 2880154369
ConstrainedDecal: 3, 4, 3.1574273
Position: 0.07133361, -1.7490027, -2.0583735
Rotation: 0.0012151307, 0.041575015, 3.1708214
