MutagenObjectType: PlacedObject
FormKey: 00424A:BetterShipPartFlips.esm
FormVersion: 559
Base: 1F55FE:Starfield.esm
ProjectedDecal:
  WidthScale: 1
  HeightScale: 1
  UnknownFloat: 0.6
  UnknownInt: 2880154369
ProjectedDecalReferences:
- 004245:BetterShipPartFlips.esm
ConstrainedDecal: 3, 4, 3.1574273
Position: -0.51315403, 1.9603262, 2.9949331
Rotation: -2.7269092, -0.12753488, 1.5707964
