MutagenObjectType: PlacedObject
FormKey: 004256:BetterShipPartFlips.esm
FormVersion: 559
Base: 001E1F:Starfield.esm
LinkedReferences:
- Reference: 00B161:Starfield.esm
IsLinkedRefTransient: True
Scale: 0.35
Position: -1.2642103, -2.803173, -2.1369197
Rotation: 8.158199E-07, -0.5323477, 6.283185
