MutagenObjectType: PlacedObject
FormKey: 004255:BetterShipPartFlips.esm
FormVersion: 559
Base: 001E1F:Starfield.esm
LinkedReferences:
- Reference: 00B146:Starfield.esm
IsLinkedRefTransient: True
Scale: 0.35
Position: -1.2642102, -2.8287838, 2.1333327
Rotation: -3.1415923, -0.5323477, 6.283185
