MutagenObjectType: PlacedObject
FormKey: 004248:BetterShipPartFlips.esm
FormVersion: 559
Base: 1F5689:Starfield.esm
ProjectedDecal:
  WidthScale: 1
  HeightScale: 1
  UnknownFloat: 0.6
  UnknownInt: 2880154369
ConstrainedDecal: 2, 1.5, 2.0387979
Position: -0.35598868, -0.012782216, 2.896943
Rotation: 3.1415927, -0.14343518, 0
