MutagenObjectType: PlacedObject
FormKey: 000DDA:BetterShipPartFlips.esp
FormVersion: 559
Base: 1F563E:Starfield.esm
ProjectedDecal:
  WidthScale: 1
  HeightScale: 1
  UnknownFloat: 0.4
  UnknownInt: 2880154369
ProjectedDecalReferences:
- 000DD8:BetterShipPartFlips.esp
ConstrainedDecal: 2.1533573, 1.4865003, 1.1336646
Position: 0.72732085, 2.6024659, 0.0907985
Rotation: 3.1415927, 0.3018103, 1.5707964
