MutagenObjectType: PlacedObject
FormKey: 00220C:BetterShipPartFlips.esp
FormVersion: 559
Base: 1F5673:Starfield.esm
ProjectedDecal:
  WidthScale: 1
  HeightScale: 1
  UnknownFloat: 0.2
  UnknownInt: 2880154369
ProjectedDecalReferences:
- 0021FF:BetterShipPartFlips.esp
ConstrainedDecal: 2.960001, 2.6300013, 2
Position: -3.170948, -2.5455217, -0.74074006
Rotation: 0.50708014, -0.7959497, 2.0805235
