MutagenObjectType: PlacedObject
FormKey: 002203:BetterShipPartFlips.esp
FormVersion: 559
Base: 1F568E:Starfield.esm
ProjectedDecal:
  WidthScale: 1
  HeightScale: 1
  UnknownFloat: 0.4
  UnknownInt: 2880154369
ProjectedDecalReferences:
- 0021FF:BetterShipPartFlips.esp
ConstrainedDecal: 3.0500026, 3.5399985, 2.5198402
Position: 0.70523226, 0.8729854, -0.91504526
Rotation: 0.86426973, -0.6517056, 4.068283
