MutagenObjectType: PlacedObject
FormKey: 002205:BetterShipPartFlips.esp
FormVersion: 559
Base: 1F568E:Starfield.esm
ProjectedDecal:
  WidthScale: 1
  HeightScale: 1
  UnknownFloat: 0.4
  UnknownInt: 2880154369
ProjectedDecalReferences:
- 0021FF:BetterShipPartFlips.esp
ConstrainedDecal: 3.0500026, 3.5399985, 1.9023683
Position: 1.3280134, 0.59359473, 0.82853246
Rotation: 2.523192, -0.016823273, 1.5707965
