MutagenObjectType: PlacedObject
FormKey: 002204:BetterShipPartFlips.esp
FormVersion: 559
Base: 1F5674:Starfield.esm
ProjectedDecal:
  WidthScale: 1
  HeightScale: 1
  UnknownFloat: 0.2
  UnknownInt: 2880154369
ProjectedDecalReferences:
- 0021FF:BetterShipPartFlips.esp
ConstrainedDecal: 2.960001, 2.6300013, 2
Position: -2.217658, 0.8477747, 1.339354
Rotation: 2.4385166, -0.25451225, 2.0707967
