MutagenObjectType: PlacedObject
FormKey: 0024B6:BetterShipPartFlips.esm
FormVersion: 559
Base: 1F5630:Starfield.esm
ReferenceGroup: 29DE8A:Starfield.esm
ProjectedDecal:
  WidthScale: 1
  HeightScale: 1
  UnknownFloat: 0.6
  UnknownInt: 2880154369
ProjectedDecalReferences:
- 00249D:BetterShipPartFlips.esm
- 0024A7:BetterShipPartFlips.esm
- 002499:BetterShipPartFlips.esm
- 0024AA:BetterShipPartFlips.esm
ConstrainedDecal: 4.9800014, 5.490004, 0.9211762
Position: 3.108544, -1.1106675, 0.24862021
Rotation: 0.00012202558, -1.5703079, 6.2830634
