MutagenObjectType: PlacedObject
FormKey: 000BDB:BetterShipPartFlips.esp
FormVersion: 559
Base: 1F563C:Starfield.esm
ProjectedDecal:
  WidthScale: 1
  HeightScale: 1
  UnknownFloat: 0.6
  UnknownInt: 2880154369
ConstrainedDecal: 2.82, 1.5, 0.75
Position: 0.04026871, -3.0994809, 1.62652
Rotation: 2.9611802, -4.994842E-07, 0.095611274
