MutagenObjectType: PlacedObject
FormKey: 002460:BetterShipPartFlips.esm
FormVersion: 559
Base: 1F5634:Starfield.esm
ProjectedDecal:
  WidthScale: 1
  HeightScale: 1
  UnknownFloat: 0.4
  UnknownInt: 2880154369
ProjectedDecalReferences:
- 002431:BetterShipPartFlips.esm
ConstrainedDecal: 5.1100016, 6.750006, 2.6423848
Position: 0.22564957, -3.7343783, 0.06276339
Rotation: -1.5707964, -0, 1.5707964
