MutagenObjectType: PlacedObject
FormKey: 002466:BetterShipPartFlips.esm
FormVersion: 559
Base: 1F5634:Starfield.esm
ProjectedDecal:
  WidthScale: 1
  HeightScale: 1
  UnknownFloat: 0.4
  UnknownInt: 2880154369
ProjectedDecalReferences:
- 002431:BetterShipPartFlips.esm
ConstrainedDecal: 5.1100016, 6.750006, 2.6423848
Position: 3.3089697, -3.381948, -0.348717
Rotation: -1.5720246, 1.5677276, 1.5987718
