MutagenObjectType: PlacedObject
FormKey: 000B9B:BetterShipPartFlips.esm
Base: 099C8E:Starfield.esm
ProjectedDecal:
  WidthScale: 1
  HeightScale: 1
  UnknownFloat: 0.6
  UnknownInt: 2880154369
ConstrainedDecal: 4, 2, 0.5
Position: 1.2140284, -3.174731, 0.11499342
Rotation: -0.39575157, 1.5707964, 1.1758311
