MutagenObjectType: PlacedObject
FormKey: 000B9D:BetterShipPartFlips.esm
Base: 099C8E:Starfield.esm
ProjectedDecal:
  WidthScale: 1
  HeightScale: 1
  UnknownFloat: 0.6
  UnknownInt: 2880154369
ConstrainedDecal: 4, 2, 0.5
Position: -1.1914308, 3.0103993, -0.00725639
Rotation: 3.068509, -1.5707964, 1.6650845
