MutagenObjectType: PlacedObject
FormKey: 000B9C:BetterShipPartFlips.esm
Base: 099C8C:Starfield.esm
ProjectedDecal:
  WidthScale: 1
  HeightScale: 1
  UnknownFloat: 0.4
  UnknownInt: 2880154369
ConstrainedDecal: 4, 2, 0.5
Position: 1.3254329, 0.14616041, 0.11384989
Rotation: -2.8746376, 1.5707964, 1.82296
