MutagenObjectType: PlacedObject
FormKey: 000AB2:BetterShipPartFlips.esm
FormVersion: 559
Base: 099C8C:Starfield.esm
ProjectedDecal:
  WidthScale: 1
  HeightScale: 1
  UnknownFloat: 0.467
  UnknownInt: 2880154369
ConstrainedDecal: 4, 2, 0.5
Position: 1.252897, 2.5860786, -0.91568875
Rotation: 2.4016516, 1.5707964, 3.983236
