MutagenObjectType: PlacedObject
FormKey: 000AB3:BetterShipPartFlips.esm
FormVersion: 559
Base: 099C88:Starfield.esm
ProjectedDecal:
  WidthScale: 1
  HeightScale: 1
  UnknownFloat: 0.467
  UnknownInt: 2880154369
ConstrainedDecal: 4, 2, 0.5
Position: 1.252897, -2.664699, -0.9723348
Rotation: 2.4016516, 1.5707964, 3.983236
