MutagenObjectType: PlacedObject
FormKey: 000B12:BetterShipPartFlips.esp
FormVersion: 559
Base: 099C8E:Starfield.esm
ProjectedDecal:
  WidthScale: 1
  HeightScale: 1
  UnknownFloat: 0.6
  UnknownInt: 2880154369
ConstrainedDecal: 4, 2, 0.5
Position: -1.250001, 2.9135437, -0.8222423
Rotation: 2.9183328, -1.5707964, 1.7992641
