MutagenObjectType: PlacedObject
FormKey: 0021DD:BetterShipPartFlips.esm
MajorRecordFlagsRaw: 256
FormVersion: 559
StarfieldMajorRecordFlags:
- 0x100
Base: 0CB918:Starfield.esm
Radius: -0.34116936
LightArea:
  Data: 0x00000000000000000000000000000000
Layer: 08CC6A:Starfield.esm
LightRoundedness:
  Data: 0x0000000000000000000000000000000001000000
Position: 2.3082275, 1.7702084, 0.2811085
