MutagenObjectType: PlacedObject
FormKey: 0018CA:BetterShipPartFlips.esm
Base: 1F5605:Starfield.esm
ProjectedDecal:
  WidthScale: 1
  HeightScale: 1
  UnknownFloat: 0.6
  UnknownInt: 2880154369
ProjectedDecalReferences:
- 0018D8:BetterShipPartFlips.esm
ConstrainedDecal: 4.0488, 3.51, 0.75065345
Position: -4.5178, 2.3695, 0.0592
Rotation: 4.7284474, 0.08128696, 4.540542
