MutagenObjectType: PlacedObject
FormKey: 0018D2:BetterShipPartFlips.esm
FormVersion: 559
Base: 1F5606:Starfield.esm
ProjectedDecal:
  WidthScale: 1
  HeightScale: 1
  UnknownFloat: 0.4
  UnknownInt: 2880154369
ProjectedDecalReferences:
- 0018D8:BetterShipPartFlips.esm
ConstrainedDecal: 3.2182, 3.2564, 0.5
Position: 6.6271, 2.6092, -1.737
Rotation: 0.0008706378, 0.001193523, 1.5707946
