MutagenObjectType: PlacedObject
FormKey: 0018D1:BetterShipPartFlips.esm
Base: 1F5655:Starfield.esm
ProjectedDecal:
  WidthScale: 1
  HeightScale: 1
  UnknownFloat: 0.6
  UnknownInt: 2880154369
ProjectedDecalReferences:
- 0018D8:BetterShipPartFlips.esm
ConstrainedDecal: 4.5928, 3.51, 0.5000001
Position: 0.2181, 0.6075, 1.7389
Rotation: 0.0009442231, 3.140404, 6.223184
