MutagenObjectType: PlacedObject
FormKey: 0018CB:BetterShipPartFlips.esm
Base: 1F5655:Starfield.esm
ProjectedDecal:
  WidthScale: 1
  HeightScale: 1
  UnknownFloat: 0.6
  UnknownInt: 2880154369
ProjectedDecalReferences:
- 0018D8:BetterShipPartFlips.esm
ConstrainedDecal: 4.5928, 3.51, 0.5000001
Position: 4.4803, 1.93, 1.7487
Rotation: -3.1400506, 0.0013299409, 1.5707946
