MutagenObjectType: PlacedObject
FormKey: 001F6C:BetterShipPartFlips.esm
FormVersion: 559
Base: 1F560E:Starfield.esm
ReferenceGroup: 08DC0D:Starfield.esm
ProjectedDecal:
  WidthScale: 1
  HeightScale: 1
  UnknownFloat: 0.37500003
  UnknownInt: 2880154369
ConstrainedDecal: 4.08, 1.2300007, 0.5
Position: 0.9203311, -2.5970223, 1.2933905
Rotation: -3.1415927, -1.192093E-07, 0
