MutagenObjectType: PlacedObject
FormKey: 001F68:BetterShipPartFlips.esm
FormVersion: 559
Base: 1F5648:Starfield.esm
ReferenceGroup: 08DC0D:Starfield.esm
ProjectedDecal:
  WidthScale: 1
  HeightScale: 1
  UnknownFloat: 0.72500026
  UnknownInt: 2880154369
ConstrainedDecal: 4, 2, 0.75
Position: -0.4654795, -2.1321218, 1.5000002
Rotation: -3.1415925, 2.2738236E-07, 3.3331854
