MutagenObjectType: PlacedObject
FormKey: 001F6F:BetterShipPartFlips.esm
FormVersion: 559
Base: 099C86:Starfield.esm
ReferenceGroup: 08DC0D:Starfield.esm
ProjectedDecal:
  WidthScale: 1
  HeightScale: 1
  UnknownFloat: 0.42499995
  UnknownInt: 2880154369
ConstrainedDecal: 2.3600016, 0.9800004, 0.5
Position: 1.1861963, -1.6830784, 1.3392016
Rotation: -3.1415927, 0, 3.1415927
