MutagenObjectType: PlacedObject
FormKey: 001F65:BetterShipPartFlips.esm
FormVersion: 559
Base: 099C86:Starfield.esm
ReferenceGroup: 08DC0D:Starfield.esm
ProjectedDecal:
  WidthScale: 1
  HeightScale: 1
  UnknownFloat: 0.5749999
  UnknownInt: 2880154369
ConstrainedDecal: 2.3600016, 0.9800004, 0.5
Position: 1.1218649, 1.5792682, 1.2945049
Rotation: -3.1415927, 0, 3.1415927
