MutagenObjectType: PlacedObject
FormKey: 002372:BetterShipPartFlips.esp
FormVersion: 559
Base: 1F568E:Starfield.esm
ProjectedDecal:
  WidthScale: 1
  HeightScale: 1
  UnknownFloat: 0.4
  UnknownInt: 2880154369
ProjectedDecalReferences:
- 002362:BetterShipPartFlips.esp
ConstrainedDecal: 2.169999, 2.0699992, 0.75
Position: -0.48711336, 0.89631593, 1.41757
Rotation: 3.0152566, 0.19440639, 3.9694686
