MutagenObjectType: PlacedObject
FormKey: 00236C:BetterShipPartFlips.esp
FormVersion: 559
Base: 1F5688:Starfield.esm
ProjectedDecal:
  WidthScale: 1
  HeightScale: 1
  UnknownFloat: 0.6
  UnknownInt: 2880154369
ProjectedDecalReferences:
- 002362:BetterShipPartFlips.esp
ConstrainedDecal: 1.9800017, 0.73000085, 0.75
Position: -3.7022843, 1.7165602, -1.2696229
Rotation: 1.5709304, -1.5402726, 6.2830515
