MutagenObjectType: PlacedObject
FormKey: 002370:BetterShipPartFlips.esp
FormVersion: 559
Base: 1F568E:Starfield.esm
ProjectedDecal:
  WidthScale: 1
  HeightScale: 1
  UnknownFloat: 0.6
  UnknownInt: 2880154369
ProjectedDecalReferences:
- 002362:BetterShipPartFlips.esp
ConstrainedDecal: 2.169999, 2.0699992, 0.75
Position: -2.4306395, -3.6627195, 0.6451927
Rotation: 1.5707965, -0.34097895, 3.072593
