MutagenObjectType: PlacedObject
FormKey: 002368:BetterShipPartFlips.esp
FormVersion: 559
Base: 099C76:Starfield.esm
ProjectedDecal:
  WidthScale: 1
  HeightScale: 1
  UnknownFloat: 0.4
  UnknownInt: 2880154369
ProjectedDecalReferences:
- 002362:BetterShipPartFlips.esp
ConstrainedDecal: 3.5499997, 2.1799998, 1.469905
Position: -3.1083913, -1.8437123, -0.63258684
Rotation: 1.5708618, -1.5402708, 6.28312
