MutagenObjectType: PlacedObject
FormKey: 00236E:BetterShipPartFlips.esp
FormVersion: 559
Base: 1F5674:Starfield.esm
ProjectedDecal:
  WidthScale: 1
  HeightScale: 1
  UnknownFloat: 0.4
  UnknownInt: 2880154369
ProjectedDecalReferences:
- 002362:BetterShipPartFlips.esp
ConstrainedDecal: 2.3300016, 2.0900018, 2
Position: -3.1121533, -1.3199316, 1.5577059
Rotation: -3.0615919, -0.21638711, 5.317973
