MutagenObjectType: PlacedObject
FormKey: 0022F5:BetterShipPartFlips.esp
FormVersion: 559
Base: 099C80:Starfield.esm
ProjectedDecal:
  WidthScale: 1
  HeightScale: 1
  UnknownFloat: 0.2
  UnknownInt: 2880154369
ProjectedDecalReferences:
- 0022DE:BetterShipPartFlips.esp
ConstrainedDecal: 2.8000011, 2.2499998, 0.5
Position: -0.32221222, 1.5592442, -1.3606524
Rotation: -0, 0.15080695, 4.712389
