MutagenObjectType: PlacedObject
FormKey: 0022EA:BetterShipPartFlips.esp
FormVersion: 559
Base: 1F568E:Starfield.esm
ProjectedDecal:
  WidthScale: 1
  HeightScale: 1
  UnknownFloat: 0.6
  UnknownInt: 2880154369
ProjectedDecalReferences:
- 0022DE:BetterShipPartFlips.esp
ConstrainedDecal: 1.6299989, 1.8899996, 1.174061
Position: 1.8425001, -3.5523872, -0.17262995
Rotation: 0.773871, -0.7339527, 5.1800284
