MutagenObjectType: PlacedObject
FormKey: 0022E8:BetterShipPartFlips.esp
FormVersion: 559
Base: 1F568E:Starfield.esm
ProjectedDecal:
  WidthScale: 1
  HeightScale: 1
  UnknownFloat: 0.6
  UnknownInt: 2880154369
ProjectedDecalReferences:
- 0022DE:BetterShipPartFlips.esp
ConstrainedDecal: 1.6299987, 1.8900001, 0.88218105
Position: -1.0123384, -3.3705583, -0.2500289
Rotation: 0.773871, -0.7339527, 5.1800284
