MutagenObjectType: PlacedObject
FormKey: 0022F4:BetterShipPartFlips.esp
FormVersion: 559
Base: 099C9B:Starfield.esm
ProjectedDecal:
  WidthScale: 1
  HeightScale: 1
  UnknownFloat: 0.6
  UnknownInt: 2880154369
ProjectedDecalReferences:
- 0022DE:BetterShipPartFlips.esp
ConstrainedDecal: 2.6699991, 2.8999975, 1.9637766
Position: 2.3343184, 3.0685468, 0.033535004
Rotation: -1.5707964, -0, 1.5707964
