MutagenObjectType: PlacedObject
FormKey: 0022F0:BetterShipPartFlips.esp
FormVersion: 559
Base: 1F5688:Starfield.esm
ProjectedDecal:
  WidthScale: 1
  HeightScale: 1
  UnknownFloat: 0.6
  UnknownInt: 2880154369
ProjectedDecalReferences:
- 0022DE:BetterShipPartFlips.esp
ConstrainedDecal: 2.3100019, 1.0200009, 0.75
Position: -0.82695276, 1.9768863, 1.2965528
Rotation: 3.1415927, -0.29956564, -0
