MutagenObjectType: PlacedObject
FormKey: 002309:BetterShipPartFlips.esp
FormVersion: 559
Base: 099C80:Starfield.esm
ProjectedDecal:
  WidthScale: 1
  HeightScale: 1
  UnknownFloat: 0.2
  UnknownInt: 2880154369
ProjectedDecalReferences:
- 0022DE:BetterShipPartFlips.esp
ConstrainedDecal: 2.8000011, 2.2499998, 0.5
Position: -1.8040615, -1.5327007, 0.30167747
Rotation: -3.1415927, -1.346758, 1.5707964
