MutagenObjectType: PlacedObject
FormKey: 002300:BetterShipPartFlips.esp
FormVersion: 559
Base: 099C8A:Starfield.esm
ProjectedDecal:
  WidthScale: 1
  HeightScale: 1
  UnknownFloat: 0.6
  UnknownInt: 2880154369
ProjectedDecalReferences:
- 0022DE:BetterShipPartFlips.esp
ConstrainedDecal: 0.9827265, 0.58000076, 0.5
Position: -1.7450997, 0.25273615, -0.4062059
Rotation: 0, -1.1973795, 4.712389
