MutagenObjectType: PlacedObject
FormKey: 002305:BetterShipPartFlips.esp
FormVersion: 559
Base: 1F568E:Starfield.esm
ProjectedDecal:
  WidthScale: 1
  HeightScale: 1
  UnknownFloat: 0.6
  UnknownInt: 2880154369
ProjectedDecalReferences:
- 0022DE:BetterShipPartFlips.esp
ConstrainedDecal: 1.6299987, 1.8899999, 1.0685811
Position: 3.305333, -2.6455266, -0.755553
Rotation: 0.06845817, 0.8904492, 3.6948416
