MutagenObjectType: PlacedObject
FormKey: 00230B:BetterShipPartFlips.esp
FormVersion: 559
Base: 1F568E:Starfield.esm
ProjectedDecal:
  WidthScale: 1
  HeightScale: 1
  UnknownFloat: 0.6
  UnknownInt: 2880154369
ProjectedDecalReferences:
- 0022DE:BetterShipPartFlips.esp
ConstrainedDecal: 1.6299987, 1.8899996, 1.207983
Position: -0.4542284, -3.5577736, 0.5666081
Rotation: 1.5707965, -0, 1.5707965
