MutagenObjectType: PlacedObject
FormKey: 002314:BetterShipPartFlips.esp
FormVersion: 559
Base: 1F568E:Starfield.esm
ProjectedDecal:
  WidthScale: 1
  HeightScale: 1
  UnknownFloat: 0.6
  UnknownInt: 2880154369
ProjectedDecalReferences:
- 0022DE:BetterShipPartFlips.esp
ConstrainedDecal: 1.6299988, 1.8899999, 0.75
Position: 3.5304475, -0.9619632, 0.6596328
Rotation: 3.1415915, 1.0444595, 3.0449994
