MutagenObjectType: PlacedObject
FormKey: 000DC1:BetterShipPartFlips.esm
FormVersion: 559
Base: 1F5653:Starfield.esm
ProjectedDecal:
  WidthScale: 1
  HeightScale: 1
  UnknownFloat: 0.6
  UnknownInt: 2880154369
ConstrainedDecal: 4.62852, 2.7560005, 0.75
Position: -3.775125, -1.972182, -0.5547621
Rotation: 1.5015507, -1.5704509, 3.141635
