MutagenObjectType: PlacedObject
FormKey: 0018B7:BetterShipPartFlips.esp
FormVersion: 559
Base: 099C74:Starfield.esm
ProjectedDecal:
  WidthScale: 1
  HeightScale: 1
  UnknownFloat: 0.6
  UnknownInt: 2880154369
ProjectedDecalReferences:
- 0018DB:BetterShipPartFlips.esp
ConstrainedDecal: 3.7009, 1.6618001, 0.94065386
Position: -4.6856, -1.8298, 0.4694
Rotation: 4.712656, 6.281855, 3.3380346
