MutagenObjectType: PlacedObject
FormKey: 000ADC:BetterShipPartFlips.esm
Base: 1F5606:Starfield.esm
ProjectedDecal:
  WidthScale: 1
  HeightScale: 1
  UnknownFloat: 0.6
  UnknownInt: 2880154369
ConstrainedDecal: 2.3799996, 1.5499995, 0.75
Position: -0.07521751, -0.17168391, 0.5504322
Rotation: 2.9520597, 1.6471246E-08, 1.5707964
