MutagenObjectType: PlacedObject
FormKey: 00227D:BetterShipPartFlips.esm
FormVersion: 559
Base: 1F5655:Starfield.esm
ProjectedDecal:
  WidthScale: 1
  HeightScale: 1
  UnknownFloat: 0.2
  UnknownInt: 2880154369
ProjectedDecalReferences:
- 002260:BetterShipPartFlips.esm
ConstrainedDecal: 6.2400026, 7.038929, 2.2028422
Position: -5.3910246, 0.19445066, -2.7073786
Rotation: 3.9852495E-09, -0.498721, 3.1265926
