MutagenObjectType: PlacedObject
FormKey: 00226A:BetterShipPartFlips.esm
FormVersion: 559
Base: 1F5655:Starfield.esm
ProjectedDecal:
  WidthScale: 1
  HeightScale: 1
  UnknownFloat: 0.6
  UnknownInt: 2880154369
ConstrainedDecal: 6.2400026, 7.0389295, 3.259418
Position: -6.404469, -5.3854856, 1.429158
Rotation: 2.2704258, -0.8025378, 2.5973403
