MutagenObjectType: PlacedObject
FormKey: 002268:BetterShipPartFlips.esm
FormVersion: 559
Base: 099C9B:Starfield.esm
ProjectedDecal:
  WidthScale: 1
  HeightScale: 1
  UnknownFloat: 0.8
  UnknownInt: 2880154369
ConstrainedDecal: 5.2200003, 5.709998, 1.9637766
Position: -6.608524, 5.7373433, 1.8537331
Rotation: -2.316897, -0.7581916, 0.56616867
