MutagenObjectType: PlacedObject
FormKey: 002271:BetterShipPartFlips.esm
FormVersion: 559
Base: 1F5655:Starfield.esm
ProjectedDecal:
  WidthScale: 1
  HeightScale: 1
  UnknownFloat: 0.2
  UnknownInt: 2880154369
ProjectedDecalReferences:
- 002260:BetterShipPartFlips.esm
ConstrainedDecal: 6.2400026, 7.038929, 2.2028422
Position: -0.5624206, -0.087852836, 1.6742002
Rotation: 3.1415927, 1.1344146, -0
