MutagenObjectType: PlacedObject
FormKey: 002265:BetterShipPartFlips.esm
FormVersion: 559
Base: 1F563E:Starfield.esm
ProjectedDecal:
  WidthScale: 1
  HeightScale: 1
  UnknownFloat: 0.2
  UnknownInt: 2880154369
ProjectedDecalReferences:
- 002260:BetterShipPartFlips.esm
ConstrainedDecal: 3.7595015, 3.188922, 2.6637287
Position: -6.7644677, 2.2917998, 2.2676249
Rotation: 3.1415927, -0.23645604, 4.712389
