MutagenObjectType: PlacedObject
FormKey: 002263:BetterShipPartFlips.esm
FormVersion: 559
Base: 1F5655:Starfield.esm
ProjectedDecal:
  WidthScale: 1
  HeightScale: 1
  UnknownFloat: 0.2
  UnknownInt: 2880154369
ProjectedDecalReferences:
- 002260:BetterShipPartFlips.esm
ConstrainedDecal: 6.2400026, 7.038929, 2.2028422
Position: -6.7535195, 0.78382856, 2.6225367
Rotation: 3.1415927, -0.81301516, 0
