MutagenObjectType: PlacedObject
FormKey: 002267:BetterShipPartFlips.esm
FormVersion: 559
Base: 1F5655:Starfield.esm
ProjectedDecal:
  WidthScale: 1
  HeightScale: 1
  UnknownFloat: 0.6
  UnknownInt: 2880154369
ConstrainedDecal: 6.2400026, 7.038929, 2.2028422
Position: -1.0797386, -4.5781307, 2.2992692
Rotation: 2.7846465, 0.85525066, 6.008834
