MutagenObjectType: PlacedObject
FormKey: 002276:BetterShipPartFlips.esm
FormVersion: 559
Base: 1F5655:Starfield.esm
ProjectedDecal:
  WidthScale: 1
  HeightScale: 1
  UnknownFloat: 0.4
  UnknownInt: 2880154369
ProjectedDecalReferences:
- 002260:BetterShipPartFlips.esm
ConstrainedDecal: 6.2400026, 7.0389295, 3.609388
Position: -4.0728846, -5.233433, 2.6933289
Rotation: 2.6502726, -0.039830264, 1.5707965
