MutagenObjectType: PlacedObject
FormKey: 00227C:BetterShipPartFlips.esm
FormVersion: 559
Base: 1F5673:Starfield.esm
ProjectedDecal:
  WidthScale: 1
  HeightScale: 1
  UnknownFloat: 0.4
  UnknownInt: 2880154369
ProjectedDecalReferences:
- 002260:BetterShipPartFlips.esm
ConstrainedDecal: 2.4800014, 2.5300014, 2
Position: -2.660466, 6.4456015, 2.26305
Rotation: -2.249509, 0.3663286, 1.5707964
