MutagenObjectType: PlacedObject
FormKey: 00227A:BetterShipPartFlips.esm
FormVersion: 559
Base: 1F5674:Starfield.esm
ProjectedDecal:
  WidthScale: 1
  HeightScale: 1
  UnknownFloat: 0.4
  UnknownInt: 2880154369
ProjectedDecalReferences:
- 002260:BetterShipPartFlips.esm
ConstrainedDecal: 2.4800014, 2.5300016, 2
Position: -7.768416, -2.8031757, 0.6609539
Rotation: -3.141591, -1.4922957, 0.63499814
