MutagenObjectType: PlacedObject
FormKey: 000C40:BetterShipPartFlips.esp
FormVersion: 559
Base: 099C8E:Starfield.esm
ProjectedDecal:
  WidthScale: 1
  HeightScale: 1
  UnknownFloat: 0.4
  UnknownInt: 2880154369
ConstrainedDecal: 4, 2, 0.5
Position: -1.2499988, -2.3286645, -0.99403584
Rotation: 1.5707964, -1.5707964, 0
