MutagenObjectType: PlacedObject
FormKey: 0021EB:BetterShipPartFlips.esm
FormVersion: 559
Base: 1F5673:Starfield.esm
ProjectedDecal:
  WidthScale: 1
  HeightScale: 1
  UnknownFloat: 0.2
  UnknownInt: 2880154369
ProjectedDecalReferences:
- 0021E9:BetterShipPartFlips.esm
ConstrainedDecal: 2.960001, 2.6300013, 2
Position: -3.4471242, 0.6813603, 0.34364763
Rotation: 2.0090435, -0.87917084, 2.09519
