MutagenObjectType: PlacedObject
FormKey: 0021ED:BetterShipPartFlips.esm
FormVersion: 559
Base: 1F5650:Starfield.esm
ProjectedDecal:
  WidthScale: 1
  HeightScale: 1
  UnknownFloat: 0.2
  UnknownInt: 1
ProjectedDecalReferences:
- 0021E9:BetterShipPartFlips.esm
ConstrainedDecal: 4.4562225, 4, 6.1192474
Position: -0.88865757, -1.7576025, 1.0830154
Rotation: 2.3045876, 0.13629751, 1.5707964
