MutagenObjectType: PlacedObject
FormKey: 0021EF:BetterShipPartFlips.esm
FormVersion: 559
Base: 1F5674:Starfield.esm
ProjectedDecal:
  WidthScale: 1
  HeightScale: 1
  UnknownFloat: 0.2
  UnknownInt: 2880154369
ProjectedDecalReferences:
- 0021E9:BetterShipPartFlips.esm
ConstrainedDecal: 2.960001, 2.6300013, 2
Position: -2.9647918, -2.3357213, 1.4958652
Rotation: 2.9921694, -0.24059984, 2.1556516
