MutagenObjectType: PlacedObject
FormKey: 000BDC:BetterShipPartFlips.esp
FormVersion: 559
Base: 1F5652:Starfield.esm
ProjectedDecal:
  WidthScale: 1
  HeightScale: 1
  UnknownFloat: 0.4
  UnknownInt: 2880154369
ConstrainedDecal: 2.82, 1.5, 0.75
Position: -0.02981319, 2.4985, 1.7441401
Rotation: -3.1415927, -0, 1.5707964
