MutagenObjectType: PlacedObject
FormKey: 000EA6:BetterShipPartFlips.esp
FormVersion: 559
Base: 1F563E:Starfield.esm
ProjectedDecal:
  WidthScale: 1
  HeightScale: 1
  UnknownFloat: 0.45000002
  UnknownInt: 2880154369
ProjectedDecalReferences:
- 000EA1:BetterShipPartFlips.esp
ConstrainedDecal: 4, 2.7247, 0.75
Position: 1.7549577, 2.5899048, 0.4959404
Rotation: 0.0001551904, 0.7236391, 3.1416955
