MutagenObjectType: PlacedObject
FormKey: 001F8C:BetterShipPartFlips.esp
FormVersion: 559
Base: 05ABE9:Starfield.esm
ProjectedDecal:
  WidthScale: 1
  HeightScale: 1
  UnknownFloat: 0.17500001
  UnknownInt: 2880154369
ConstrainedDecal: 6.28, 5.830002, 0.1
Position: 1.1325195, -0.074453235, -1.5104696
Rotation: -0, 1.192093E-07, 1.5707963
