MutagenObjectType: PlacedObject
FormKey: 001F83:BetterShipPartFlips.esp
FormVersion: 559
Base: 29E425:Starfield.esm
ProjectedDecal:
  WidthScale: 1
  HeightScale: 1
  UnknownFloat: 0.25000003
  UnknownInt: 2880154369
ConstrainedDecal: 2.8900015, 1.8500011, 0.1
Position: -0.009659082, 0.79581034, 1.4669658
Rotation: -3.1415927, -1.192093E-07, 4.712389
