MutagenObjectType: PlacedObject
FormKey: 002274:BetterShipPartFlips.esp
FormVersion: 559
Base: 099C9B:Starfield.esm
ProjectedDecal:
  WidthScale: 1
  HeightScale: 1
  UnknownFloat: 0.6
  UnknownInt: 2880154369
ProjectedDecalReferences:
- 002260:BetterShipPartFlips.esp
ConstrainedDecal: 5.2200003, 5.709998, 2.6460557
Position: -1.8920927, 6.170195, 1.2506244
Rotation: -2.3363101, 0.58573574, 5.7948375
