MutagenObjectType: PlacedObject
FormKey: 002264:BetterShipPartFlips.esp
FormVersion: 559
Base: 099C80:Starfield.esm
ProjectedDecal:
  WidthScale: 1
  HeightScale: 1
  UnknownFloat: 0.6
  UnknownInt: 2880154369
ConstrainedDecal: 8.140002, 3.3899994, 0.5
Position: -1.1229463, 2.3492787, 2.5225325
Rotation: 3.1415927, 0.81301516, 1.5707964
