MutagenObjectType: PlacedObject
FormKey: 002278:BetterShipPartFlips.esp
FormVersion: 559
Base: 1F5673:Starfield.esm
ProjectedDecal:
  WidthScale: 1
  HeightScale: 1
  UnknownFloat: 0.4
  UnknownInt: 2880154369
ProjectedDecalReferences:
- 002260:BetterShipPartFlips.esp
ConstrainedDecal: 2.4800014, 2.5300014, 2
Position: -5.5051765, -3.955574, -3.4950666
Rotation: 0.10433342, -0.36423716, 2.796308
