MutagenObjectType: PlacedObject
FormKey: 00226C:BetterShipPartFlips.esp
FormVersion: 559
Base: 099C9B:Starfield.esm
ProjectedDecal:
  WidthScale: 1
  HeightScale: 1
  UnknownFloat: 0.6
  UnknownInt: 2880154369
ProjectedDecalReferences:
- 002260:BetterShipPartFlips.esp
ConstrainedDecal: 5.2200007, 5.7099986, 3.6723576
Position: -7.160694, 5.700392, -0.21273804
Rotation: -1.5707965, -0, 1.5707965
