MutagenObjectType: PlacedObject
FormKey: 002269:BetterShipPartFlips.esp
FormVersion: 559
Base: 099C9B:Starfield.esm
ProjectedDecal:
  WidthScale: 1
  HeightScale: 1
  UnknownFloat: 0.8
  UnknownInt: 2880154369
ConstrainedDecal: 5.2200003, 5.709998, 1.9637766
Position: -3.82044, 6.234306, 2.8263612
Rotation: -2.3989558, 0.03840007, 1.5707964
