MutagenObjectType: PlacedObject
FormKey: 002275:BetterShipPartFlips.esp
FormVersion: 559
Base: 099C80:Starfield.esm
ProjectedDecal:
  WidthScale: 1
  HeightScale: 1
  UnknownFloat: 0.2
  UnknownInt: 2880154369
ProjectedDecalReferences:
- 002260:BetterShipPartFlips.esp
ConstrainedDecal: 8.140001, 3.3899994, 1.3361712
Position: -6.163705, 2.3171372, 2.6043096
Rotation: 3.1415927, -0.67964834, 1.5707965
