MutagenObjectType: PlacedObject
FormKey: 00226B:BetterShipPartFlips.esp
FormVersion: 559
Base: 1F563E:Starfield.esm
ProjectedDecal:
  WidthScale: 1
  HeightScale: 1
  UnknownFloat: 0.8
  UnknownInt: 2880154369
ConstrainedDecal: 3.346641, 3.188922, 1.7462592
Position: -2.0301535, -2.5085092, 3.289962
Rotation: 3.1415927, 0.6247828, 1.5707965
