MutagenObjectType: PlacedObject
FormKey: 00227F:BetterShipPartFlips.esp
FormVersion: 559
Base: 1F5655:Starfield.esm
ProjectedDecal:
  WidthScale: 1
  HeightScale: 1
  UnknownFloat: 0.2
  UnknownInt: 2880154369
ProjectedDecalReferences:
- 002260:BetterShipPartFlips.esp
ConstrainedDecal: 6.2400026, 7.038929, 2.2028422
Position: -1.7928729, 0.1107623, -2.4915628
Rotation: -0, 0.6796489, 3.1415927
