MutagenObjectType: PlacedObject
FormKey: 00226D:BetterShipPartFlips.esp
FormVersion: 559
Base: 099C9B:Starfield.esm
ProjectedDecal:
  WidthScale: 1
  HeightScale: 1
  UnknownFloat: 0.8
  UnknownInt: 2880154369
ConstrainedDecal: 5.2200003, 5.709998, 1.9637766
Position: -4.2437854, 7.465042, 0.4489956
Rotation: -1.7236912, -0.08148401, 1.5707964
