MutagenObjectType: PlacedObject
FormKey: 00227B:BetterShipPartFlips.esp
FormVersion: 559
Base: 1F5674:Starfield.esm
ProjectedDecal:
  WidthScale: 1
  HeightScale: 1
  UnknownFloat: 0.4
  UnknownInt: 2880154369
ProjectedDecalReferences:
- 002260:BetterShipPartFlips.esp
ConstrainedDecal: 2.4800014, 2.5300014, 2
Position: -1.9377627, 6.453923, 1.6128303
Rotation: -2.075985, 0.58796185, 3.8805299
