MutagenObjectType: PlacedObject
FormKey: 001FD2:BetterShipPartFlips.esp
FormVersion: 559
Base: 29E425:Starfield.esm
ProjectedDecal:
  WidthScale: 1
  HeightScale: 1
  UnknownFloat: 0.325
  UnknownInt: 2880154369
ConstrainedDecal: 1.7300011, 1.5300018, 0.1
Position: 3.9417531, -1.1562963, -0.007834818
Rotation: 1.5707964, 1.5707964, 0
