MutagenObjectType: PlacedObject
FormKey: 001FDE:BetterShipPartFlips.esp
FormVersion: 559
Base: 1E867E:Starfield.esm
ProjectedDecal:
  WidthScale: 1
  HeightScale: 1
  UnknownFloat: 0.4
  UnknownInt: 2880154369
ConstrainedDecal: 8, 8, 0.1
Position: 3.096014, -1.920899, 0.30283675
Rotation: 1.5707965, -1.7484555E-07, 1.5707964
