MutagenObjectType: PlacedObject
FormKey: 001FD3:BetterShipPartFlips.esp
FormVersion: 559
Base: 29E425:Starfield.esm
ProjectedDecal:
  WidthScale: 1
  HeightScale: 1
  UnknownFloat: 0.325
  UnknownInt: 2880154369
ConstrainedDecal: 1.7300011, 1.5300018, 0.1
Position: 3.9233162, 1.261615, 0.08716942
Rotation: 1.5707964, 1.5707964, 0
