MutagenObjectType: PlacedObject
FormKey: 001FD4:BetterShipPartFlips.esp
FormVersion: 559
Base: 1F560E:Starfield.esm
ProjectedDecal:
  WidthScale: 1
  HeightScale: 1
  UnknownFloat: 0.45000002
  UnknownInt: 2880154369
ConstrainedDecal: 2.3500001, 0.9900005, 0.5
Position: 2.3144538, 0.73096627, 0.033230893
Rotation: -1.1919333E-07, -1.5707964, 0
