MutagenObjectType: PlacedObject
FormKey: 000BFB:BetterShipPartFlips.esm
Base: 1F564E:Starfield.esm
ProjectedDecal:
  WidthScale: 1
  HeightScale: 1
  UnknownFloat: 0.6
  UnknownInt: 2880154369
ConstrainedDecal: 4, 2, 0.75
Position: -0.28618005, 0.1991158, 1.7082055
Rotation: 3.1415927, -0, 4.729185
