MutagenObjectType: PlacedObject
FormKey: 002152:BetterShipPartFlips.esp
FormVersion: 559
Base: 1F560E:Starfield.esm
ProjectedDecal:
  WidthScale: 1
  HeightScale: 1
  UnknownFloat: 0.25000003
  UnknownInt: 2880154369
ConstrainedDecal: 2.7700012, 1.2200003, 0.5
Position: -0.09269312, 1.8728552, -1.2659568
Rotation: 0.18533866, 0, 1.5707964
