MutagenObjectType: PlacedObject
FormKey: 00215B:BetterShipPartFlips.esp
FormVersion: 559
Base: 099C86:Starfield.esm
ConstrainedDecal: 0.720003, 0.13000005, 0.5
Position: -1.0996102, 2.576805, 1.4921875
Rotation: -3.1415927, -0, 4.712389
