MutagenObjectType: PlacedObject
FormKey: 002150:BetterShipPartFlips.esp
FormVersion: 559
Base: 26A7FC:Starfield.esm
ProjectedDecal:
  WidthScale: 1
  HeightScale: 1
  UnknownFloat: 0.125
  UnknownInt: 2880154369
ConstrainedDecal: 0.9999998, 1.0200019, 0.5
Position: 2.2004063, 0.057771724, 1.5258746
Rotation: 3.1415927, -0, 5.7036853
