MutagenObjectType: PlacedObject
FormKey: 002157:BetterShipPartFlips.esp
FormVersion: 559
Base: 099C86:Starfield.esm
ProjectedDecal:
  WidthScale: 1
  HeightScale: 1
  UnknownFloat: 0.7999997
  UnknownInt: 2880154369
ConstrainedDecal: 1.1000026, 0.4500001, 0.5
Position: 2.94118, 1.386572, 0.44095004
Rotation: 0.77461946, 1.3450806, 0.26177612
