MutagenObjectType: PlacedObject
FormKey: 000D9A:BetterShipPartFlips.esm
Base: 1F564E:Starfield.esm
ProjectedDecal:
  WidthScale: 1
  HeightScale: 1
  UnknownFloat: 1
  UnknownInt: 2880154369
ProjectedDecalReferences:
- 000D96:BetterShipPartFlips.esm
ConstrainedDecal: 2.8062, 2.0252, 0.64599264
Position: -1.5563369, -2.4655035, -0.8750474
Rotation: 3.1415927, -1.0452573, 1.5707965
