MutagenObjectType: PlacedObject
FormKey: 000D9D:BetterShipPartFlips.esm
FormVersion: 559
Base: 1F564D:Starfield.esm
ProjectedDecal:
  WidthScale: 1
  HeightScale: 1
  UnknownFloat: 0.4
  UnknownInt: 2880154369
ProjectedDecalReferences:
- 000D96:BetterShipPartFlips.esm
ConstrainedDecal: 4.2032995, 3.6302385, 0.59964556
Position: 3.6331906, -0.56499404, 0.0529705
Rotation: 3.1415927, -0.6017403, 3.1415927
