MutagenObjectType: PlacedObject
FormKey: 001532:BetterShipPartFlips.esm
FormVersion: 559
Base: 1F564D:Starfield.esm
ProjectedDecal:
  WidthScale: 1
  HeightScale: 1
  UnknownFloat: 0.30400002
  UnknownInt: 2880154369
ProjectedDecalReferences:
- 001577:BetterShipPartFlips.esm
ConstrainedDecal: 4.7743, 4.3728, 1.2370362
Position: 5.05, 3.604, -0.77
Rotation: 2.377278, 1.7887704, 0.5226039
