MutagenObjectType: PlacedObject
FormKey: 00153B:BetterShipPartFlips.esm
FormVersion: 559
Base: 1F563E:Starfield.esm
ProjectedDecal:
  WidthScale: 1
  HeightScale: 1
  UnknownFloat: 0.57600003
  UnknownInt: 2880154369
ProjectedDecalReferences:
- 001577:BetterShipPartFlips.esm
ConstrainedDecal: 4, 3.3318, 0.75
Position: -4.965, -1.225, -1.693
Rotation: 6.981317E-05, 0.0132295955, 1.5707963
