MutagenObjectType: PlacedObject
FormKey: 000E0C:BetterShipPartFlips.esp
FormVersion: 559
Base: 1F5606:Starfield.esm
ProjectedDecal:
  WidthScale: 1
  HeightScale: 1
  UnknownFloat: 0.402
  UnknownInt: 2880154369
ProjectedDecalReferences:
- 000E08:BetterShipPartFlips.esp
ConstrainedDecal: 3.5876, 3.4718, 2.9004827
Position: -1.0788485, -2.2528865, 1.6566956
Rotation: 1.5707965, -5.3586565E-08, 3.970797
