MutagenObjectType: PlacedObject
FormKey: 000837:BSPF-ShipColorize-Patch.esp
FormVersion: 559
Base: 003316:Starfield.esm
ConstrainedDecal: 6, 1, 0.5
Position: 0.514165, 0.016966596, 1.4999999
Rotation: 3.1415925, 4.768373E-07, 1.5707964
