MutagenObjectType: PlacedObject
FormKey: 00083B:BSPF-ShipColorize-Patch.esp
FormVersion: 559
Base: 05ABE9:Starfield.esm
ProjectedDecal:
  WidthScale: 1
  HeightScale: 1
  UnknownFloat: 0.25000042
  UnknownInt: 2880154369
ConstrainedDecal: 4.5399995, 4.3699994, 0.1
Position: -0.81721586, 3.751953, -0.23934798
Rotation: -1.5707966, -2.891253E-08, 0
