MutagenObjectType: PlacedObject
FormKey: 00083C:BSPF-ShipColorize-Patch.esp
FormVersion: 559
Base: 05ABE9:Starfield.esm
ProjectedDecal:
  WidthScale: 1
  HeightScale: 1
  UnknownFloat: 0.25000042
  UnknownInt: 2880154369
ConstrainedDecal: 4.5399995, 4.3699994, 0.1
Position: -1.9678998, -0.205775, 1.496672
Rotation: 3.1415925, -1.1565001E-07, 0
