MutagenObjectType: PlacedObject
FormKey: 000C55:BetterShipPartFlips.esm
FormVersion: 559
Base: 099C8C:Starfield.esm
ProjectedDecal:
  WidthScale: 1
  HeightScale: 1
  UnknownFloat: 0.42400002
  UnknownInt: 2880154369
ConstrainedDecal: 3, 1.5, 0.5
Position: 1.249999, 2.8603342, -0.9257797
Rotation: -1.8271167, 1.5707964, 6.0234776
