MutagenObjectType: PlacedObject
FormKey: 000C58:BetterShipPartFlips.esm
FormVersion: 559
Base: 1F564F:Starfield.esm
ProjectedDecal:
  WidthScale: 1
  HeightScale: 1
  UnknownFloat: 0.6
  UnknownInt: 2880154369
ConstrainedDecal: 1.73, 1.2299997, 0.75
Position: 0.031087875, 3.242647, -0.020995855
Rotation: -3.1415927, -0, 1.5707964
