MutagenObjectType: PlacedObject
FormKey: 000E10:BetterShipPartFlips.esm
Base: 1F5606:Starfield.esm
ProjectedDecal:
  WidthScale: 1
  HeightScale: 1
  UnknownFloat: 0.402
  UnknownInt: 2880154369
ProjectedDecalReferences:
- 000E08:BetterShipPartFlips.esm
ConstrainedDecal: 3.5876, 3.4718, 2.9004827
Position: -1.0788492, -2.2528868, 1.6566962
Rotation: -1.5707964, -0, 2.3123868
