MutagenObjectType: PlacedObject
FormKey: 000E0A:BetterShipPartFlips.esm
Base: 1F5606:Starfield.esm
ProjectedDecal:
  WidthScale: 1
  HeightScale: 1
  UnknownFloat: 0.45000002
  UnknownInt: 2880154369
ProjectedDecalReferences:
- 000E08:BetterShipPartFlips.esm
ConstrainedDecal: 3.5876, 3.4718, 2.7989445
Position: 1.2862618, 2.3036537, 1.8026419
Rotation: -1.5707964, -0, 1.5707964
