MutagenObjectType: PlacedObject
FormKey: 002CA5:BetterShipPartFlips.esp
FormVersion: 559
Base: 1F5630:Starfield.esm
ProjectedDecal:
  WidthScale: 1
  HeightScale: 1
  UnknownFloat: 0.2
  UnknownInt: 2880154369
ProjectedDecalReferences:
- 002C92:BetterShipPartFlips.esp
ConstrainedDecal: 4.9800014, 5.490004, 0.9211762
Position: 3.793629, -2.5724869, 0.78604996
Rotation: 0, 1.570308, 3.1415927
