MutagenObjectType: PlacedObject
FormKey: 001850:BetterShipPartFlips.esm
FormVersion: 559
Base: 1F5655:Starfield.esm
ProjectedDecal:
  WidthScale: 1
  HeightScale: 1
  UnknownFloat: 0.6
  UnknownInt: 2880154369
ProjectedDecalReferences:
- 0018DA:BetterShipPartFlips.esm
ConstrainedDecal: 4.5928, 3.51, 0.5000001
Position: 0.5124, 0.2212, -1.7399
Rotation: 0.00079706305, 0.0011891765, 4.6523895
