MutagenObjectType: PlacedObject
FormKey: 001853:BetterShipPartFlips.esm
FormVersion: 559
Base: 099C74:Starfield.esm
ProjectedDecal:
  WidthScale: 1
  HeightScale: 1
  UnknownFloat: 0.6
  UnknownInt: 2880154369
ProjectedDecalReferences:
- 0018DA:BetterShipPartFlips.esm
ConstrainedDecal: 3.7009, 1.6618001, 0.94065386
Position: 1.8298, -4.6856, 0.4694
Rotation: 4.712656, 6.281855, 1.7672384
