MutagenObjectType: PlacedObject
FormKey: 0018B6:BetterShipPartFlips.esm
FormVersion: 559
Base: 1F5605:Starfield.esm
ProjectedDecal:
  WidthScale: 1
  HeightScale: 1
  UnknownFloat: 0.6
  UnknownInt: 2880154369
ProjectedDecalReferences:
- 0018DB:BetterShipPartFlips.esm
ConstrainedDecal: 4.0487685, 3.51, 0.75065345
Position: -1.4863, -2.5784, 0.9535
Rotation: 4.7115617, 0.004171337, 4.919542
