MutagenObjectType: PlacedObject
FormKey: 0018B4:BetterShipPartFlips.esm
FormVersion: 559
Base: 1F5655:Starfield.esm
ProjectedDecal:
  WidthScale: 1
  HeightScale: 1
  UnknownFloat: 0.6
  UnknownInt: 2880154369
ProjectedDecalReferences:
- 0018DB:BetterShipPartFlips.esm
ConstrainedDecal: 4.5928, 3.51, 0.5000001
Position: 0.2212, -0.5124, -1.7399
Rotation: 0.00079706305, 0.0011891765, 6.223186
