MutagenObjectType: PlacedObject
FormKey: 000EEA:BetterShipPartFlips.esm
FormVersion: 559
Base: 099C90:Starfield.esm
ConstrainedDecal: 8, 1.349976, 0.49999997
Position: 1.8714015, -0.1926097, 0.5988239
Rotation: -0, 0.72381836, 4.712389
