MutagenObjectType: PlacedObject
FormKey: 000EE9:BetterShipPartFlips.esm
FormVersion: 559
Base: 1F5656:Starfield.esm
ProjectedDecal:
  WidthScale: 1
  HeightScale: 1
  UnknownFloat: 0.45000002
  UnknownInt: 2880154369
ConstrainedDecal: 2.8766, 2.9785, 0.75
Position: -1.643361, 2.5144072, 0.39725557
Rotation: 0.00015527515, -0.7236388, 6.2830825
