MutagenObjectType: PlacedObject
FormKey: 000FC5:BetterShipPartFlips.esm
Base: 1F563F:Starfield.esm
ProjectedDecal:
  WidthScale: 1
  HeightScale: 1
  UnknownFloat: 0.522
  UnknownInt: 2880154369
ProjectedDecalReferences:
- 000FA6:BetterShipPartFlips.esm
ConstrainedDecal: 1.4847422, 1.4562001, 0.6459924
Position: -2.2717667, 0.72533035, 1.2293293
Rotation: -2.8871756, -0.079596035, 1.5707964
