MutagenObjectType: PlacedObject
FormKey: 002208:BetterShipPartFlips.esm
FormVersion: 559
Base: 1F568E:Starfield.esm
ProjectedDecal:
  WidthScale: 1
  HeightScale: 1
  UnknownFloat: 0.4
  UnknownInt: 2880154369
ProjectedDecalReferences:
- 0021FF:BetterShipPartFlips.esm
ConstrainedDecal: 3.0500026, 3.5399985, 2.5198402
Position: -0.59862155, 0.6383683, 0.41018605
Rotation: 2.1194432, 0.7101487, 1.1376393
