MutagenObjectType: PlacedObject
FormKey: 002209:BetterShipPartFlips.esm
FormVersion: 559
Base: 1F5674:Starfield.esm
ProjectedDecal:
  WidthScale: 1
  HeightScale: 1
  UnknownFloat: 0.2
  UnknownInt: 2880154369
ProjectedDecalReferences:
- 0021FF:BetterShipPartFlips.esm
ConstrainedDecal: 2.960001, 2.6300013, 2
Position: 3.4933908, 2.0351558, -0.099477395
Rotation: 0.3261618, 1.4481282, 4.193472
