MutagenObjectType: PlacedObject
FormKey: 00220A:BetterShipPartFlips.esm
FormVersion: 559
Base: 1F568E:Starfield.esm
ProjectedDecal:
  WidthScale: 1
  HeightScale: 1
  UnknownFloat: 0.4
  UnknownInt: 2880154369
ProjectedDecalReferences:
- 0021FF:BetterShipPartFlips.esm
ConstrainedDecal: 3.0500026, 3.5399985, 2.9503613
Position: -0.8540556, -0.69378877, 1.2460837
Rotation: -2.4238303, 0.5831353, 0.44815087
