MutagenObjectType: PlacedObject
FormKey: 00220E:BetterShipPartFlips.esm
FormVersion: 559
Base: 1F5674:Starfield.esm
ProjectedDecal:
  WidthScale: 1
  HeightScale: 1
  UnknownFloat: 0.2
  UnknownInt: 2880154369
ProjectedDecalReferences:
- 0021FF:BetterShipPartFlips.esm
ConstrainedDecal: 2.960001, 2.6300013, 2
Position: 1.6822342, -0.9965396, 1.488705
Rotation: -2.7090616, -0.037820477, 5.4779916
