MutagenObjectType: PlacedObject
FormKey: 00220D:BetterShipPartFlips.esm
FormVersion: 559
Base: 1F5674:Starfield.esm
ProjectedDecal:
  WidthScale: 1
  HeightScale: 1
  UnknownFloat: 0.2
  UnknownInt: 2880154369
ProjectedDecalReferences:
- 0021FF:BetterShipPartFlips.esm
ConstrainedDecal: 2.960001, 2.6300013, 2
Position: -2.265893, 2.5842173, -1.5126227
Rotation: -0.6187282, -0.01861168, 3.644797
