MutagenObjectType: PlacedObject
FormKey: 002202:BetterShipPartFlips.esm
FormVersion: 559
Base: 1F568E:Starfield.esm
ProjectedDecal:
  WidthScale: 1
  HeightScale: 1
  UnknownFloat: 0.4
  UnknownInt: 2880154369
ProjectedDecalReferences:
- 0021FF:BetterShipPartFlips.esm
ConstrainedDecal: 3.0500026, 3.5399985, 2.5198402
Position: -1.4106951, -1.309116, -1.5819644
Rotation: -0.33629674, 0.13520432, 4.270797
