MutagenObjectType: PlacedObject
FormKey: 00220B:BetterShipPartFlips.esm
FormVersion: 559
Base: 1F568E:Starfield.esm
ProjectedDecal:
  WidthScale: 1
  HeightScale: 1
  UnknownFloat: 0.4
  UnknownInt: 2880154369
ProjectedDecalReferences:
- 0021FF:BetterShipPartFlips.esm
ConstrainedDecal: 3.0500026, 3.5399985, 2.5198402
Position: 0.6978372, -0.58605427, 0.4460113
Rotation: -1.9548532, -0.749104, 0.2685465
