MutagenObjectType: PlacedObject
FormKey: 001905:BetterShipPartFlips.esm
Base: 099C8C:Starfield.esm
ProjectedDecal:
  WidthScale: 1
  HeightScale: 1
  UnknownFloat: 0.63500005
  UnknownInt: 2880154369
ProjectedDecalReferences:
- 001977:BetterShipPartFlips.esm
ConstrainedDecal: 8, 2, 0.83816653
Position: -5.8775, -1.8580999, 0.0596
Rotation: 1.5707963, 4.712389, 0
