MutagenObjectType: PlacedObject
FormKey: 000CE9:BetterShipPartFlips.esm
FormVersion: 559
Base: 1F568C:Starfield.esm
ProjectedDecal:
  WidthScale: 1
  HeightScale: 1
  UnknownFloat: 0.8
  UnknownInt: 2880154369
ConstrainedDecal: 3.0301, 5.6795, 4.989692
Position: -0.034763932, -3.4914503, 1.1366866
Rotation: 1.8409861, -0, 0
