MutagenObjectType: PlacedObject
FormKey: 0021F8:BetterShipPartFlips.esp
FormVersion: 559
Base: 1F568E:Starfield.esm
ProjectedDecal:
  WidthScale: 1
  HeightScale: 1
  UnknownFloat: 0.4
  UnknownInt: 2880154369
ProjectedDecalReferences:
- 0021F5:BetterShipPartFlips.esp
ConstrainedDecal: 3.0500026, 3.5399985, 2.5198402
Position: 0.09179667, -2.4713433, 0.40324688
Rotation: 2.6262307, -0.98665506, 0.44141862
