MutagenObjectType: PlacedObject
FormKey: 0021F9:BetterShipPartFlips.esp
FormVersion: 559
Base: 1F568E:Starfield.esm
ProjectedDecal:
  WidthScale: 1
  HeightScale: 1
  UnknownFloat: 0.4
  UnknownInt: 2880154369
ProjectedDecalReferences:
- 0021F5:BetterShipPartFlips.esp
ConstrainedDecal: 3.0500026, 3.5399985, 2.5198402
Position: 1.3661785, -1.1045852, -1.2127485
Rotation: -0.6714024, -0.25210822, 1.5707964
