MutagenObjectType: PlacedObject
FormKey: 0021F6:BetterShipPartFlips.esp
FormVersion: 559
Base: 1F5673:Starfield.esm
ProjectedDecal:
  WidthScale: 1
  HeightScale: 1
  UnknownFloat: 0.2
  UnknownInt: 2880154369
ProjectedDecalReferences:
- 0021F5:BetterShipPartFlips.esp
ConstrainedDecal: 2.960001, 2.6300013, 2
Position: 2.9981256, -1.0465101, 0.43959987
Rotation: -2.1938176, 0.82738304, 5.79667
