MutagenObjectType: PlacedObject
FormKey: 002331:BetterShipPartFlips.esp
FormVersion: 559
Base: 1F564E:Starfield.esm
ProjectedDecal:
  WidthScale: 1
  HeightScale: 1
  UnknownFloat: 0.6
  UnknownInt: 2880154369
ProjectedDecalReferences:
- 002329:BetterShipPartFlips.esp
ConstrainedDecal: 3.0000005, 1.0000007, 0.87705153
Position: 0.055210996, -3.0897517, -1.0706648
Rotation: -0.002520915, -1.257959, 3.1503258
