MutagenObjectType: PlacedObject
FormKey: 00232F:BetterShipPartFlips.esp
FormVersion: 559
Base: 099C9B:Starfield.esm
ProjectedDecal:
  WidthScale: 1
  HeightScale: 1
  UnknownFloat: 0.6
  UnknownInt: 2880154369
ProjectedDecalReferences:
- 002329:BetterShipPartFlips.esp
ConstrainedDecal: 3.659991, 3.4899964, 0.8070122
Position: 1.1139143, 3.7456043, -1.7708317
Rotation: -0.41692847, -0.8908813, 3.4732761
