MutagenObjectType: PlacedObject
FormKey: 00233C:BetterShipPartFlips.esp
FormVersion: 559
Base: 1F568E:Starfield.esm
ProjectedDecal:
  WidthScale: 1
  HeightScale: 1
  UnknownFloat: 0.4
  UnknownInt: 2880154369
ProjectedDecalReferences:
- 002329:BetterShipPartFlips.esp
ConstrainedDecal: 3.2399979, 3.3199987, 1.1048326
Position: 2.1792345, -3.4756923, -1.1483693
Rotation: 1.7912552, -0.5003143, 3.0345097
