MutagenObjectType: PlacedObject
FormKey: 002339:BetterShipPartFlips.esp
FormVersion: 559
Base: 099C9B:Starfield.esm
ProjectedDecal:
  WidthScale: 1
  HeightScale: 1
  UnknownFloat: 0.6
  UnknownInt: 2880154369
ProjectedDecalReferences:
- 002329:BetterShipPartFlips.esp
ConstrainedDecal: 4.9699955, 3.5299964, 0.7566521
Position: 0.75045305, 3.6194189, 1.0198435
Rotation: -2.5372467, -1.1050807, 5.730367
