MutagenObjectType: PlacedObject
FormKey: 00232D:BetterShipPartFlips.esp
FormVersion: 559
Base: 099C9B:Starfield.esm
ProjectedDecal:
  WidthScale: 1
  HeightScale: 1
  UnknownFloat: 0.6
  UnknownInt: 2880154369
ProjectedDecalReferences:
- 002329:BetterShipPartFlips.esp
ConstrainedDecal: 3.7699952, 4.369998, 0.5761719
Position: 2.5621212, 3.6278892, 2.7508357
Rotation: -2.877705, -0.21132632, 1.5707964
