MutagenObjectType: PlacedObject
FormKey: 002337:BetterShipPartFlips.esp
FormVersion: 559
Base: 1F564E:Starfield.esm
ProjectedDecal:
  WidthScale: 1
  HeightScale: 1
  UnknownFloat: 0.6
  UnknownInt: 2880154369
ProjectedDecalReferences:
- 002329:BetterShipPartFlips.esp
ConstrainedDecal: 2.5100024, 1.1000009, 0.75
Position: 0.24448179, 0.8920676, 1.33873
Rotation: 3.1414678, -0.99917483, 4.708185
