MutagenObjectType: PlacedObject
FormKey: 002338:BetterShipPartFlips.esp
FormVersion: 559
Base: 1F5655:Starfield.esm
ProjectedDecal:
  WidthScale: 1
  HeightScale: 1
  UnknownFloat: 0.2
  UnknownInt: 2880154369
ProjectedDecalReferences:
- 002329:BetterShipPartFlips.esp
ConstrainedDecal: 4, 4, 0.75
Position: 1.7565148, -1.3750261, -2.8762002
Rotation: -0.0035880567, -0.5024186, 3.1433206
