MutagenObjectType: PlacedObject
FormKey: 002335:BetterShipPartFlips.esp
FormVersion: 559
Base: 1F563D:Starfield.esm
ProjectedDecal:
  WidthScale: 1
  HeightScale: 1
  UnknownFloat: 0.6
  UnknownInt: 2880154369
ProjectedDecalReferences:
- 002329:BetterShipPartFlips.esp
ConstrainedDecal: 6, 2, 0.75
Position: 2.9996603, -1.7349534, 3.2201724
Rotation: -3.1415927, -0.037717648, 4.7019353
