MutagenObjectType: PlacedObject
FormKey: 00233E:BetterShipPartFlips.esp
FormVersion: 559
Base: 1F568E:Starfield.esm
ProjectedDecal:
  WidthScale: 1
  HeightScale: 1
  UnknownFloat: 0.4
  UnknownInt: 2880154369
ProjectedDecalReferences:
- 002329:BetterShipPartFlips.esp
ConstrainedDecal: 3.2399976, 3.319999, 1.4256511
Position: 2.6230881, -3.6873107, 1.4683205
Rotation: 1.5123907, -0.14492624, 3.150037
