MutagenObjectType: PlacedObject
FormKey: 0016D7:BetterShipPartFlips.esm
Base: 1F564D:Starfield.esm
ProjectedDecal:
  WidthScale: 1
  HeightScale: 1
  UnknownFloat: 0.30400002
  UnknownInt: 2880154369
ProjectedDecalReferences:
- 0016DD:BetterShipPartFlips.esm
ConstrainedDecal: 4.7743, 4.3728, 0.75
Position: 1.195, 1.873, 2.686
Rotation: 6.1070657, 6.266823, 0.19793221
