MutagenObjectType: PlacedObject
FormKey: 000D07:BetterShipPartFlips.esm
FormVersion: 559
Base: 099C80:Starfield.esm
ProjectedDecal:
  WidthScale: 1
  HeightScale: 1
  UnknownFloat: 0.6
  UnknownInt: 2880154369
ProjectedDecalReferences:
- 000D04:BetterShipPartFlips.esm
ConstrainedDecal: 5.076963, 2.0045972, 0.8995321
Position: -1.1875001, -3.62928, 0.640387
Rotation: 1.5707965, -1.5241351, 3.1415925
