MutagenObjectType: PlacedObject
FormKey: 00096E:BetterShipPartFlips.esp
FormVersion: 559
Base: 1F5634:Starfield.esm
ProjectedDecal:
  WidthScale: 1
  HeightScale: 1
  UnknownFloat: 0.6
  UnknownInt: 2880154369
ProjectedDecalReferences:
- 000967:BetterShipPartFlips.esp
ConstrainedDecal: 4, 2.5496, 1.0703934
Position: -1.2835941, 1.9387856, -1.1154572
Rotation: -3.1114101, -1.5697045, 1.5698174
