MutagenObjectType: PlacedObject
FormKey: 0020C3:BetterShipPartFlips.esp
FormVersion: 559
Base: 29E425:Starfield.esm
ProjectedDecal:
  WidthScale: 1
  HeightScale: 1
  UnknownFloat: 0.30000004
  UnknownInt: 2880154369
ConstrainedDecal: 1.0900004, 1.4600005, 1.4524906
Position: -7.0813065, 2.9500449, 1.7199993
Rotation: -3.1415927, -0, 3.1415927
