MutagenObjectType: PlacedObject
FormKey: 0020CC:BetterShipPartFlips.esp
FormVersion: 559
Base: 1F5648:Starfield.esm
ConstrainedDecal: 3.4500017, 2.8454995, 5.6771803
Position: -5.4775476, 0.6760719, 1.0360937
Rotation: 0, -0.62319934, 4.712389
