MutagenObjectType: PlacedObject
FormKey: 0020CA:BetterShipPartFlips.esp
FormVersion: 559
Base: 1F560E:Starfield.esm
ProjectedDecal:
  WidthScale: 1
  HeightScale: 1
  UnknownFloat: 0.27499998
  UnknownInt: 2880154369
ConstrainedDecal: 2.9099984, 1.1000001, 1.1782955
Position: -7.022174, 0.12103051, 1.75
Rotation: -3.1415927, -0, 1.5707964
