MutagenObjectType: PlacedObject
FormKey: 0020BC:BetterShipPartFlips.esp
FormVersion: 559
Base: 29E425:Starfield.esm
ProjectedDecal:
  WidthScale: 1
  HeightScale: 1
  UnknownFloat: 0.22500002
  UnknownInt: 2880154369
ConstrainedDecal: 1.3900001, 1.6200004, 1.4524906
Position: -7.053123, -2.9644382, 1.776704
Rotation: -3.1415927, -0, 3.1415927
