MutagenObjectType: PlacedObject
FormKey: 0020C1:BetterShipPartFlips.esp
FormVersion: 559
Base: 1F5648:Starfield.esm
ProjectedDecal:
  WidthScale: 1
  HeightScale: 1
  UnknownFloat: 0.8000002
  UnknownInt: 2880154369
ConstrainedDecal: 3.450002, 2.8454995, 0.75
Position: -4.0503283, -3.9580917, 0.11723137
Rotation: 1.5707964, 0.78539824, 4.712389
