MutagenObjectType: PlacedObject
FormKey: 0020D0:BetterShipPartFlips.esp
FormVersion: 559
Base: 29E425:Starfield.esm
ProjectedDecal:
  WidthScale: 1
  HeightScale: 1
  UnknownFloat: 0.125
  UnknownInt: 2880154369
ConstrainedDecal: 4.49, 4.089999, 1.4524906
Position: -2.609973, 3.900392, 0.4417392
Rotation: -1.5707964, -0, 3.1415927
