MutagenObjectType: PlacedObject
FormKey: 0020D2:BetterShipPartFlips.esp
FormVersion: 559
Base: 29E425:Starfield.esm
ProjectedDecal:
  WidthScale: 1
  HeightScale: 1
  UnknownFloat: 0.22499996
  UnknownInt: 2880154369
ConstrainedDecal: 4.49, 4.089999, 1.4524906
Position: -1.9036894, -4, 0.17855906
Rotation: 1.5707964, -0, 3.1415927
