MutagenObjectType: PlacedObject
FormKey: 0020CD:BetterShipPartFlips.esp
FormVersion: 559
Base: 1F5648:Starfield.esm
ConstrainedDecal: 3.4500017, 2.8454995, 5.6771803
Position: 0, 0.3336959, 0.242257
Rotation: -1.5707963, 1.5707964, 0
