MutagenObjectType: PlacedObject
FormKey: 001733:BetterShipPartFlips.esm
Base: 1F563E:Starfield.esm
ProjectedDecal:
  WidthScale: 1
  HeightScale: 1
  UnknownFloat: 0.57600003
  UnknownInt: 2880154369
ProjectedDecalReferences:
- 001752:BetterShipPartFlips.esm
ConstrainedDecal: 4, 3.3318, 0.75
Position: -1.6929, -4.9649, -1.2253
Rotation: 6.283171, 4.725627, 6.2830963
