MutagenObjectType: PlacedObject
FormKey: 0022CE:BetterShipPartFlips.esp
FormVersion: 559
Base: 1F568E:Starfield.esm
ProjectedDecal:
  WidthScale: 1
  HeightScale: 1
  UnknownFloat: 0.6
  UnknownInt: 2880154369
ProjectedDecalReferences:
- 0022BD:BetterShipPartFlips.esp
ConstrainedDecal: 1.6299988, 1.8899999, 0.75
Position: 3.5489962, 0.7896916, -0.6475258
Rotation: -8.7194144E-07, 1.204231, 6.0415916
