MutagenObjectType: PlacedObject
FormKey: 0022D1:BetterShipPartFlips.esp
FormVersion: 559
Base: 1F5688:Starfield.esm
ProjectedDecal:
  WidthScale: 1
  HeightScale: 1
  UnknownFloat: 0.6
  UnknownInt: 2880154369
ProjectedDecalReferences:
- 0022BD:BetterShipPartFlips.esp
ConstrainedDecal: 2.3100019, 1.0200009, 0.75
Position: 1.0424032, -1.2788678, 0.45509094
Rotation: -3.1415927, -1.1952195, -0
