MutagenObjectType: PlacedObject
FormKey: 0022C0:BetterShipPartFlips.esp
FormVersion: 559
Base: 1F568E:Starfield.esm
ProjectedDecal:
  WidthScale: 1
  HeightScale: 1
  UnknownFloat: 0.6
  UnknownInt: 2880154369
ProjectedDecalReferences:
- 0022BD:BetterShipPartFlips.esp
ConstrainedDecal: 1.6299988, 1.8899999, 0.75
Position: 3.5284734, -2.4148088, 0.59838915
Rotation: -3.1415927, 1.2042313, 4.6741858
