MutagenObjectType: PlacedObject
FormKey: 0022D7:BetterShipPartFlips.esp
FormVersion: 559
Base: 099C8E:Starfield.esm
ProjectedDecal:
  WidthScale: 1
  HeightScale: 1
  UnknownFloat: 0.6
  UnknownInt: 2880154369
ProjectedDecalReferences:
- 0022BD:BetterShipPartFlips.esp
ConstrainedDecal: 1.5627267, 0.51000077, 0.5
Position: 2.6690512, -0.078582525, 1.3160703
Rotation: 3.1415927, 0.15394431, 1.5780007
