MutagenObjectType: PlacedObject
FormKey: 0008FF:BetterShipPartFlips.esm
FormVersion: 559
Base: 1F564D:Starfield.esm
ProjectedDecal:
  WidthScale: 1
  HeightScale: 1
  UnknownFloat: 0.64100003
  UnknownInt: 2880154369
ProjectedDecalReferences:
- 0008FB:BetterShipPartFlips.esm
ConstrainedDecal: 3.6058059, 4.2725363, 2.7656116
Position: -2.006903, 1.4262843, 1.3768206
Rotation: -2.736121, -0.7680908, 5.626354
