MutagenObjectType: PlacedObject
FormKey: 0021CF:BetterShipPartFlips.esp
FormVersion: 559
Base: 1F560E:Starfield.esm
ProjectedDecal:
  WidthScale: 1
  HeightScale: 1
  UnknownFloat: 0.425
  UnknownInt: 2880154369
ConstrainedDecal: 5.780003, 2.6499996, 0.5
Position: -4.072037, -3.9550786, 0.19437838
Rotation: 1.5707964, -0, 0
