MutagenObjectType: PlacedObject
FormKey: 0021C4:BetterShipPartFlips.esp
FormVersion: 559
Base: 1F560E:Starfield.esm
ProjectedDecal:
  WidthScale: 1
  HeightScale: 1
  UnknownFloat: 0.27499998
  UnknownInt: 2880154369
ConstrainedDecal: 5.780003, 2.6499996, 0.5
Position: -6.3662863, 0.17384696, -1.2647018
Rotation: -0, -0.410391, 1.5707963
