MutagenObjectType: PlacedObject
FormKey: 0021C8:BetterShipPartFlips.esp
FormVersion: 559
Base: 1E867E:Starfield.esm
ProjectedDecal:
  WidthScale: 1
  HeightScale: 1
  UnknownFloat: 0.22499996
  UnknownInt: 2880154369
ConstrainedDecal: 4.8399982, 5.1699963, 0.1
Position: -3.061168, -2.2316353, -1.7094026
Rotation: -0, -0.0007541477, -0
