MutagenObjectType: PlacedObject
FormKey: 0021C1:BetterShipPartFlips.esp
FormVersion: 559
Base: 1E867E:Starfield.esm
ProjectedDecal:
  WidthScale: 1
  HeightScale: 1
  UnknownFloat: 0.375
  UnknownInt: 2880154369
ConstrainedDecal: 4.8399982, 5.1699963, 0.1
Position: -4.495011, -2.2818437, 1.7265635
Rotation: -3.1415927, -0, 4.712389
