MutagenObjectType: PlacedObject
FormKey: 0021C3:BetterShipPartFlips.esp
FormVersion: 559
Base: 099C6E:Starfield.esm
ProjectedDecal:
  WidthScale: 1
  HeightScale: 1
  UnknownFloat: 0.6000004
  UnknownInt: 2880154369
ConstrainedDecal: 2.0600016, 1.6300004, 0.5
Position: -1.0291139, -2.8738155, 1.7686615
Rotation: 3.1415927, -0, 3.1171856
