MutagenObjectType: PlacedObject
FormKey: 0021D1:BetterShipPartFlips.esp
FormVersion: 559
Base: 1E867E:Starfield.esm
ProjectedDecal:
  WidthScale: 1
  HeightScale: 1
  UnknownFloat: 0.22499996
  UnknownInt: 2880154369
ConstrainedDecal: 4.8399982, 5.1699963, 0.1
Position: -4.7681403, -3.9550776, 0.76074886
Rotation: 1.5707964, -0, 4.712389
