MutagenObjectType: PlacedObject
FormKey: 0021CC:BetterShipPartFlips.esp
FormVersion: 559
Base: 099C80:Starfield.esm
ProjectedDecal:
  WidthScale: 1
  HeightScale: 1
  UnknownFloat: 0.4
  UnknownInt: 2880154369
ConstrainedDecal: 6.0699997, 2.8699994, 2.0471537
Position: -4.335323, -0.0085478425, -0.9547707
Rotation: 0, -0.09966865, 3.1415927
