MutagenObjectType: PlacedObject
FormKey: 000AE1:BetterShipPartFlips.esp
FormVersion: 559
Base: 099C8E:Starfield.esm
ProjectedDecal:
  WidthScale: 1
  HeightScale: 1
  UnknownFloat: 0.6
  UnknownInt: 2880154369
ConstrainedDecal: 5, 2.5, 0.5
Position: 1.2500002, 2.0694804, -0.46916533
Rotation: 1.5707964, 1.5707964, 0
