MutagenObjectType: PlacedObject
FormKey: 000F40:BetterShipPartFlips.esm
FormVersion: 559
Base: 1F5656:Starfield.esm
ProjectedDecal:
  WidthScale: 1
  HeightScale: 1
  UnknownFloat: 0.45000002
  UnknownInt: 2880154369
ProjectedDecalReferences:
- 000F37:BetterShipPartFlips.esm
ConstrainedDecal: 2.8766, 2.9785, 0.75
Position: 1.8132035, 2.461057, 0.54728526
Rotation: -2.3272705E-07, 0.7239814, 6.241593
