MutagenObjectType: PlacedObject
FormKey: 002096:BetterShipPartFlips.esm
FormVersion: 559
Base: 29E425:Starfield.esm
ProjectedDecal:
  WidthScale: 1
  HeightScale: 1
  UnknownFloat: 0.19999996
  UnknownInt: 2880154369
ConstrainedDecal: 1.7300011, 1.5300018, 0.1
Position: 3.880521, 2.2966566, -1.0498974
Rotation: 2.2455373, 1.5707964, 5.3871303
