MutagenObjectType: PlacedObject
FormKey: 00206C:BetterShipPartFlips.esm
FormVersion: 559
Base: 1F5648:Starfield.esm
ProjectedDecal:
  WidthScale: 1
  HeightScale: 1
  UnknownFloat: 0.75000024
  UnknownInt: 2880154369
ConstrainedDecal: 1.6675022, 2.1624997, 0.5
Position: 1.279834, -2.2710872, 1.6143239
Rotation: 3.1415927, -0, 4.712389
