MutagenObjectType: PlacedObject
FormKey: 002079:BetterShipPartFlips.esm
FormVersion: 559
Base: 29E425:Starfield.esm
ProjectedDecal:
  WidthScale: 1
  HeightScale: 1
  UnknownFloat: 0.17499998
  UnknownInt: 2880154369
ConstrainedDecal: 2.6600006, 2.3600016, 0.1
Position: 2.058407, 2.1716526, -1.6601567
Rotation: -0, -7.4307367E-29, 4.712389
