MutagenObjectType: PlacedObject
FormKey: 00209E:BetterShipPartFlips.esm
FormVersion: 559
Base: 1F5648:Starfield.esm
ProjectedDecal:
  WidthScale: 1
  HeightScale: 1
  UnknownFloat: 0.32500044
  UnknownInt: 2880154369
ConstrainedDecal: 3.5375006, 3.132499, 0.5
Position: 1.2896647, -1.3571486, -1.82341
Rotation: -0, 0, 3.1415927
