MutagenObjectType: PlacedObject
FormKey: 0020A0:BetterShipPartFlips.esm
FormVersion: 559
Base: 29E425:Starfield.esm
ProjectedDecal:
  WidthScale: 1
  HeightScale: 1
  UnknownFloat: 0.325
  UnknownInt: 2880154369
ConstrainedDecal: 0.9600013, 0.9600023, 0.1
Position: 0.19630516, -0.8189842, -1.1097268
Rotation: -1.5707964, -1.5707964, -0
