MutagenObjectType: PlacedObject
FormKey: 002076:BetterShipPartFlips.esm
FormVersion: 559
Base: 1F5648:Starfield.esm
ProjectedDecal:
  WidthScale: 1
  HeightScale: 1
  UnknownFloat: 0.975
  UnknownInt: 2880154369
ConstrainedDecal: 1.6675022, 2.1624997, 0.5
Position: 1.7816293, 3.9436212, 0.5279634
Rotation: -1.5623047, 0, 0
