MutagenObjectType: PlacedObject
FormKey: 00208D:BetterShipPartFlips.esm
FormVersion: 559
Base: 1F5648:Starfield.esm
ProjectedDecal:
  WidthScale: 1
  HeightScale: 1
  UnknownFloat: 0.9250001
  UnknownInt: 2880154369
ConstrainedDecal: 2.6375015, 2.0824997, 0.5
Position: 2.333185, -3.6768293, 0.24267751
Rotation: 1.5707964, -0, -0
