MutagenObjectType: PlacedObject
FormKey: 002075:BetterShipPartFlips.esm
FormVersion: 559
Base: 1F5648:Starfield.esm
ProjectedDecal:
  WidthScale: 1
  HeightScale: 1
  UnknownFloat: 0.7000003
  UnknownInt: 2880154369
ConstrainedDecal: 3.5375006, 3.132499, 0.5
Position: 2.3612645, 2.0484817, 1.3648388
Rotation: 3.1415927, 0, 6.2529817
