MutagenObjectType: PlacedObject
FormKey: 00208E:BetterShipPartFlips.esm
FormVersion: 559
Base: 099C74:Starfield.esm
ProjectedDecal:
  WidthScale: 1
  HeightScale: 1
  UnknownFloat: 0.49999997
  UnknownInt: 2880154369
ConstrainedDecal: 3.4099998, 1.8700001, 0.5
Position: 0.32283705, 3.2409365, -0.24133514
Rotation: -1.1919333E-07, -1.5707964, 0
