MutagenObjectType: PlacedObject
FormKey: 00207F:BetterShipPartFlips.esm
FormVersion: 559
Base: 1F5648:Starfield.esm
ProjectedDecal:
  WidthScale: 1
  HeightScale: 1
  UnknownFloat: 0.5750004
  UnknownInt: 2880154369
ConstrainedDecal: 3.6595006, 2.4999995, 0.5
Position: 1.5286837, 2.2701488, 1.6441118
Rotation: -3.1415927, 7.4307367E-29, 1.5707965
