MutagenObjectType: PlacedObject
FormKey: 0020A3:BetterShipPartFlips.esm
FormVersion: 559
Base: 29E425:Starfield.esm
ProjectedDecal:
  WidthScale: 1
  HeightScale: 1
  UnknownFloat: 0.17499995
  UnknownInt: 2880154369
ConstrainedDecal: 0.9700013, 0.73000246, 0.1
Position: 0.17467535, -2.0557833, 0.3455885
Rotation: -1.5707964, -1.5707964, -0
