MutagenObjectType: PlacedObject
FormKey: 002077:BetterShipPartFlips.esm
FormVersion: 559
Base: 29E425:Starfield.esm
ProjectedDecal:
  WidthScale: 1
  HeightScale: 1
  UnknownFloat: 0.17499998
  UnknownInt: 2880154369
ConstrainedDecal: 2.6600006, 2.3600016, 0.1
Position: 2.0769868, -2.0154068, -1.6601562
Rotation: -0, -7.4307367E-29, 4.712389
