MutagenObjectType: PlacedObject
FormKey: 002081:BetterShipPartFlips.esm
FormVersion: 559
Base: 1E867E:Starfield.esm
ProjectedDecal:
  WidthScale: 1
  HeightScale: 1
  UnknownFloat: 0.35
  UnknownInt: 2880154369
ConstrainedDecal: 3.3199987, 3.5600004, 0.1
Position: 1.4497173, -3.6079502, -0.5190987
Rotation: 1.5707964, -0, 4.712389
