MutagenObjectType: PlacedObject
FormKey: 00206E:BetterShipPartFlips.esm
FormVersion: 559
Base: 29E425:Starfield.esm
ProjectedDecal:
  WidthScale: 1
  HeightScale: 1
  UnknownFloat: 0.325
  UnknownInt: 2880154369
ConstrainedDecal: 0.9600013, 0.9600023, 0.1
Position: 0.20734489, -2.0961466, -0.5534337
Rotation: -1.5707964, -1.5707964, -0
