MutagenObjectType: PlacedObject
FormKey: 0020AB:BetterShipPartFlips.esm
FormVersion: 559
Base: 1F5648:Starfield.esm
ProjectedDecal:
  WidthScale: 1
  HeightScale: 1
  UnknownFloat: 0.975
  UnknownInt: 2880154369
ConstrainedDecal: 1.6675022, 2.1624997, 0.5
Position: 0.3410087, 3.3296034, -0.10241045
Rotation: -1.5707964, -1.5707964, -0
