MutagenObjectType: PlacedObject
FormKey: 000E23:BetterShipPartFlips.esp
FormVersion: 559
Base: 1F5606:Starfield.esm
ProjectedDecal:
  WidthScale: 1
  HeightScale: 1
  UnknownFloat: 0.45000002
  UnknownInt: 2880154369
ProjectedDecalReferences:
- 000E1A:BetterShipPartFlips.esp
ConstrainedDecal: 3.5876, 3.4718, 2.7765093
Position: -1.9107604, 2.1414883, 0.80863076
Rotation: 1.5707964, -0, 4.712389
