MutagenObjectType: PlacedObject
FormKey: 002D39:BetterShipPartFlips.esp
FormVersion: 559
Base: 1F5673:Starfield.esm
ProjectedDecal:
  WidthScale: 1
  HeightScale: 1
  UnknownFloat: 0.4
  UnknownInt: 2880154369
ProjectedDecalReferences:
- 002D19:BetterShipPartFlips.esp
ConstrainedDecal: 2.6900012, 2.1500018, 2
Position: 0.90146685, 3.1450193, 3.4999995
Rotation: 3.1415927, -0, 5.767796
