MutagenObjectType: PlacedObject
FormKey: 003705:BetterShipPartFlips.esp
FormVersion: 559
Base: 1F5634:Starfield.esm
ProjectedDecal:
  WidthScale: 1
  HeightScale: 1
  UnknownFloat: 0.4
  UnknownInt: 2880154369
ProjectedDecalReferences:
- 0036DC:BetterShipPartFlips.esp
ConstrainedDecal: 5.1100016, 6.750006, 2.6423848
Position: 0.2279199, -4.0156274, 0.3052249
Rotation: 1.5707964, -0, 1.5707964
