MutagenObjectType: PlacedObject
FormKey: 00370B:BetterShipPartFlips.esp
FormVersion: 559
Base: 1F5634:Starfield.esm
ProjectedDecal:
  WidthScale: 1
  HeightScale: 1
  UnknownFloat: 0.4
  UnknownInt: 2880154369
ProjectedDecalReferences:
- 0036DC:BetterShipPartFlips.esp
ConstrainedDecal: 5.1100016, 6.750006, 2.6423848
Position: -1.4718578, -2.0396602, 0.42969513
Rotation: -3.1415927, -0, 1.5707964
