MutagenObjectType: PlacedObject
FormKey: 001FC3:BetterShipPartFlips.esm
FormVersion: 559
Base: 099C72:Starfield.esm
ProjectedDecal:
  WidthScale: 1
  HeightScale: 1
  UnknownFloat: 0.3
  UnknownInt: 2880154369
ConstrainedDecal: 2.4600012, 2.06, 0.5
Position: -1.2515178, -1.8596668, -1.5625325
Rotation: 1.7482213E-07, -0.29145682, 3.1415927
