MutagenObjectType: PlacedObject
FormKey: 001FBA:BetterShipPartFlips.esm
FormVersion: 559
Base: 29E425:Starfield.esm
ProjectedDecal:
  WidthScale: 1
  HeightScale: 1
  UnknownFloat: 0.1
  UnknownInt: 2880154369
ConstrainedDecal: 3.7494996, 2.3999996, 0.1
Position: 0.015975386, -1.634593, 1.6806643
Rotation: -3.1415925, -0, 4.712389
