MutagenObjectType: PlacedObject
FormKey: 001FCA:BetterShipPartFlips.esm
FormVersion: 559
Base: 1F560E:Starfield.esm
ProjectedDecal:
  WidthScale: 1
  HeightScale: 1
  UnknownFloat: 0.35000002
  UnknownInt: 2880154369
ConstrainedDecal: 2.7400002, 0.9599989, 0.5
Position: -0.07602048, 0.92757046, 1.6806644
Rotation: -3.1415925, -0, 4.712389
