MutagenObjectType: PlacedObject
FormKey: 001FB5:BetterShipPartFlips.esm
FormVersion: 559
Base: 1F560E:Starfield.esm
ProjectedDecal:
  WidthScale: 1
  HeightScale: 1
  UnknownFloat: 0.225
  UnknownInt: 2880154369
ConstrainedDecal: 3.12, 1.0699996, 0.5
Position: 1.873884, -3.7633345, 0.24937558
Rotation: 1.5707965, -0, 0
