MutagenObjectType: PlacedObject
FormKey: 001FCB:BetterShipPartFlips.esm
FormVersion: 559
Base: 1F5648:Starfield.esm
ProjectedDecal:
  WidthScale: 1
  HeightScale: 1
  UnknownFloat: 0.8750001
  UnknownInt: 2880154369
ConstrainedDecal: 4, 2, 0.75
Position: 1.2981138, 3.929688, 0.20067778
Rotation: -1.5707963, 0, 0
