MutagenObjectType: PlacedObject
FormKey: 001FBC:BetterShipPartFlips.esm
FormVersion: 559
Base: 1F5648:Starfield.esm
ProjectedDecal:
  WidthScale: 1
  HeightScale: 1
  UnknownFloat: 0.8750001
  UnknownInt: 2880154369
ConstrainedDecal: 4, 2, 0.75
Position: -3.9913545, -1.1433878, 0.34410688
Rotation: 1.7482212E-07, -1.5654922, 1.5707961
