MutagenObjectType: PlacedObject
FormKey: 002379:BetterShipPartFlips.esm
FormVersion: 559
XALG: 0x0008000000000000
Base: 1F5650:Starfield.esm
ProjectedDecal:
  WidthScale: 1
  HeightScale: 1
  UnknownFloat: 0.261
  UnknownInt: 1
ProjectedDecalReferences:
- 002376:BetterShipPartFlips.esm
ConstrainedDecal: 1.6091, 1.0241, 1.3402033
Position: 1.33376, 0.563214, -1.1476595
Rotation: -0.7851446, -0.61495113, 1.5707964
