MutagenObjectType: PlacedObject
FormKey: 00237A:BetterShipPartFlips.esm
FormVersion: 559
XALG: 0x0008000000000000
Base: 1F5601:Starfield.esm
ProjectedDecal:
  WidthScale: 1
  HeightScale: 1
  UnknownFloat: 0.261
  UnknownInt: 1
ProjectedDecalReferences:
- 002376:BetterShipPartFlips.esm
ConstrainedDecal: 1.9367, 1.0241, 1.3402032
Position: 2.1530972, 0.004034817, 1.5763502
Rotation: 3.1415927, 0.2617106, 0
