MutagenObjectType: PlacedObject
FormKey: 0017D5:BetterShipPartFlips.esp
FormVersion: 559
Base: 1F564E:Starfield.esm
ProjectedDecal:
  WidthScale: 1
  HeightScale: 1
  UnknownFloat: 0.4
  UnknownInt: 2880154369
ProjectedDecalReferences:
- 00183C:BetterShipPartFlips.esp
ConstrainedDecal: 6.5918, 4.7247, 0.97489405
Position: 0.0295, -3.0567, -0.50879997
Rotation: 6.151413, 6.283005, 6.2831607
