MutagenObjectType: PlacedObject
FormKey: 002D0D:BetterShipPartFlips.esm
FormVersion: 559
Base: 1F5630:Starfield.esm
ProjectedDecal:
  WidthScale: 1
  HeightScale: 1
  UnknownFloat: 0.2
  UnknownInt: 2880154369
ProjectedDecalReferences:
- 002CF0:BetterShipPartFlips.esm
ConstrainedDecal: 4.9400015, 5.400002, 0.5
Position: -0.3614543, -1.7418487, 2.3558547
Rotation: 3.1414762, -1.3616772, 0.000114027214
