MutagenObjectType: PlacedObject
FormKey: 000EE4:BetterShipPartFlips.esp
FormVersion: 559
Base: 1F564F:Starfield.esm
ProjectedDecal:
  WidthScale: 1
  HeightScale: 1
  UnknownFloat: 0.45000002
  UnknownInt: 2880154369
ConstrainedDecal: 2.8766, 2.7247, 0.75
Position: -0.037844002, -0.49558032, -1.5205078
Rotation: -3.1415927, -0, 1.5707964
