MutagenObjectType: PlacedObject
FormKey: 001588:BetterShipPartFlips.esp
FormVersion: 559
Base: 1F5655:Starfield.esm
ProjectedDecal:
  WidthScale: 1
  HeightScale: 1
  UnknownFloat: 0.6
  UnknownInt: 2880154369
ConstrainedDecal: 3.0142, 2.678, 1.1505115
Position: 2.4087813, -2.551069, -1.8037
