MutagenObjectType: PlacedObject
FormKey: 00158A:BetterShipPartFlips.esp
FormVersion: 559
Base: 1F5655:Starfield.esm
ProjectedDecal:
  WidthScale: 1
  HeightScale: 1
  UnknownFloat: 0.6
  UnknownInt: 2880154369
ConstrainedDecal: 3.0142, 2.678, 1.1505115
Position: -1.7934871, 0.79323876, -1.8037
Rotation: 0, 0, 3.1415927
