MutagenObjectType: PlacedObject
FormKey: 000DD0:BetterShipPartFlips.esm
FormVersion: 559
Base: 1F5605:Starfield.esm
ProjectedDecal:
  WidthScale: 1
  HeightScale: 1
  UnknownFloat: 1
  UnknownInt: 2880154369
ProjectedDecalReferences:
- 000DCC:BetterShipPartFlips.esm
ConstrainedDecal: 4, 3.7333, 1.1336648
Position: 1.927166, -1.5430393, -1.4734075
Rotation: 3.1403599, 1.0408875, 1.5700039
