MutagenObjectType: PlacedObject
FormKey: 0015D9:BetterShipPartFlips.esp
FormVersion: 559
Base: 1F564F:Starfield.esm
ProjectedDecal:
  WidthScale: 1
  HeightScale: 1
  UnknownFloat: 0.4
  UnknownInt: 2880154369
ProjectedDecalReferences:
- 0015DD:BetterShipPartFlips.esp
ConstrainedDecal: 4, 2.5637, 0.75
Position: 3.1537917, -1.888344, 0.042680383
Rotation: 1.5733012, 1.2679864, 3.130336
