MutagenObjectType: PlacedObject
FormKey: 000DE4:BetterShipPartFlips.esp
FormVersion: 559
Base: 1F563E:Starfield.esm
ProjectedDecal:
  WidthScale: 1
  HeightScale: 1
  UnknownFloat: 0.45700002
  UnknownInt: 2880154369
ProjectedDecalReferences:
- 000DE3:BetterShipPartFlips.esp
ConstrainedDecal: 3.9987, 3.0787, 1.1336648
Position: -1.6589015, 2.506081, -0.44051203
Rotation: 3.1415927, -0.0013088998, 0
