MutagenObjectType: PlacedObject
FormKey: 001680:BetterShipPartFlips.esm
FormVersion: 559
Base: 1F564F:Starfield.esm
ProjectedDecal:
  WidthScale: 1
  HeightScale: 1
  UnknownFloat: 0.39100003
  UnknownInt: 2880154369
ConstrainedDecal: 2.9642, 2.8451, 0.7472525
Position: 3.233, 0.117, 2.646
Rotation: 3.1415925, 1.4557966, 0
