MutagenObjectType: PlacedObject
FormKey: 00167D:BetterShipPartFlips.esm
Base: 1F563B:Starfield.esm
ProjectedDecal:
  WidthScale: 1
  HeightScale: 1
  UnknownFloat: 0.591
  UnknownInt: 2880154369
ProjectedDecalReferences:
- 001673:BetterShipPartFlips.esm
ConstrainedDecal: 2.964217, 2.8451004, 0.7472525
Position: 8.888, 0.254, 2.647
Rotation: 6.1086525E-05, 6.2826967, 4.712389
