MutagenObjectType: PlacedObject
FormKey: 000DE9:BetterShipPartFlips.esm
Base: 1F5600:Starfield.esm
ProjectedDecal:
  WidthScale: 1
  HeightScale: 1
  UnknownFloat: 0.4
  UnknownInt: 2880154369
ProjectedDecalReferences:
- 000DE3:BetterShipPartFlips.esm
ConstrainedDecal: 3.9987, 3.0787, 1.1336648
Position: -1.3897715, 1.2861489, -1.75
Rotation: 0.084583916, -0.06389118, 2.8643906
