MutagenObjectType: PlacedObject
FormKey: 000DE8:BetterShipPartFlips.esm
Base: 1F5608:Starfield.esm
ProjectedDecal:
  WidthScale: 1
  HeightScale: 1
  UnknownFloat: 0.4
  UnknownInt: 2880154369
ProjectedDecalReferences:
- 000DE3:BetterShipPartFlips.esm
ConstrainedDecal: 3.269, 2.6941, 1.1336648
Position: -3.8491354, 2.6000004, -0.60960925
Rotation: 2.2689025, -1.4579989, 2.2689047
