MutagenObjectType: PlacedObject
FormKey: 000DE7:BetterShipPartFlips.esm
Base: 1F55FE:Starfield.esm
ProjectedDecal:
  WidthScale: 1
  HeightScale: 1
  UnknownFloat: 0.6
  UnknownInt: 2880154369
ProjectedDecalReferences:
- 000DE3:BetterShipPartFlips.esm
ConstrainedDecal: 3.2690084, 2.2322044, 1.1336648
Position: -0.64390886, 3.6000004, -0.6903745
Rotation: -1.5707965, -0, 0.08761149
