MutagenObjectType: PlacedObject
FormKey: 000CF9:BetterShipPartFlips.esm
FormVersion: 559
Base: 1F5638:Starfield.esm
ProjectedDecal:
  WidthScale: 1
  HeightScale: 1
  UnknownFloat: 0.8
  UnknownInt: 2880154369
ConstrainedDecal: 4, 8.9532, 1.8115218
Position: -0.26739788, 0.29488564, -0.8740772
