MutagenObjectType: PlacedObject
FormKey: 00429C:BetterShipPartFlips.esp
FormVersion: 559
XALG: 0x0008000000000000
Base: 1F5655:Starfield.esm
ProjectedDecal:
  WidthScale: 1
  HeightScale: 1
  UnknownFloat: 0.46100003
  UnknownInt: 1
ProjectedDecalReferences:
- 004283:BetterShipPartFlips.esp
ConstrainedDecal: 3, 3, 2.478293
Position: -2.2616472, -1.9651227, 2.6177669
Rotation: 2.8497007, -0.2801903, 1.5707964
