MutagenObjectType: PlacedObject
FormKey: 004295:BetterShipPartFlips.esp
FormVersion: 559
Base: 001E1F:Starfield.esm
LinkedReferences:
- Reference: 00B126:Starfield.esm
IsLinkedRefTransient: True
Scale: 0.19999999
Position: 3.2488174, 3.30281, 1.9784259
Rotation: -1.5660146, 0.7853928, 3.1449707
