MutagenObjectType: PlacedObject
FormKey: 004297:BetterShipPartFlips.esp
FormVersion: 559
XALG: 0x0008000000000000
Base: 1F55FF:Starfield.esm
ProjectedDecal:
  WidthScale: 1
  HeightScale: 1
  UnknownFloat: 0.661
  UnknownInt: 1
ProjectedDecalReferences:
- 004283:BetterShipPartFlips.esp
ConstrainedDecal: 3, 2.520074, 2.478293
Position: -3.3, 3.3, 0.90000004
Rotation: -1.566018, -0.7853926, 1.4966213
