MutagenObjectType: PlacedObject
FormKey: 000C1A:BetterShipPartFlips.esm
FormVersion: 559
Base: 099C8C:Starfield.esm
ProjectedDecal:
  WidthScale: 1
  HeightScale: 1
  UnknownFloat: 0.6
  UnknownInt: 2880154369
ConstrainedDecal: 4.76, 2.9, 0.5
Position: -1.250001, -2.6141188, -0.04657878
Rotation: 2.7269585, -1.5707964, 1.9936395
