MutagenObjectType: PlacedObject
FormKey: 000F1B:BetterShipPartFlips.esm
Base: 1F5655:Starfield.esm
ProjectedDecal:
  WidthScale: 1
  HeightScale: 1
  UnknownFloat: 0.45000002
  UnknownInt: 2880154369
ConstrainedDecal: 2.8766, 2.9785, 0.75
Position: -1.7478759, -2.374578, 0.5984645
Rotation: -3.1415927, 0.7235617, -0
