MutagenObjectType: PlacedObject
FormKey: 002063:BetterShipPartFlips.esm
FormVersion: 559
Base: 29E425:Starfield.esm
ProjectedDecal:
  WidthScale: 1
  HeightScale: 1
  UnknownFloat: 0.12499995
  UnknownInt: 2880154369
ConstrainedDecal: 1.7300011, 1.5300018, 0.1
Position: -1.1353613, 0.8752698, 0.2026227
Rotation: -1.5707964, -1.5707964, 3.1415927
