MutagenObjectType: PlacedObject
FormKey: 002050:BetterShipPartFlips.esm
FormVersion: 559
Base: 29E425:Starfield.esm
ProjectedDecal:
  WidthScale: 1
  HeightScale: 1
  UnknownFloat: 0.14999995
  UnknownInt: 2880154369
ConstrainedDecal: 0.9600013, 0.9600023, 0.1
Position: -1.1400539, -1.1552101, 1.2025535
Rotation: -1.5707964, -1.5707964, -0
