MutagenObjectType: PlacedObject
FormKey: 00205D:BetterShipPartFlips.esm
FormVersion: 559
Base: 1E867E:Starfield.esm
ProjectedDecal:
  WidthScale: 1
  HeightScale: 1
  UnknownFloat: 0.22499996
  UnknownInt: 2880154369
ConstrainedDecal: 8, 8, 0.1
Position: 0.9482739, -0.02246368, 1.6462133
Rotation: 3.1415927, -0, 4.712389
