MutagenObjectType: PlacedObject
FormKey: 002066:BetterShipPartFlips.esm
FormVersion: 559
Base: 29E425:Starfield.esm
ProjectedDecal:
  WidthScale: 1
  HeightScale: 1
  UnknownFloat: 0.14999999
  UnknownInt: 2880154369
ConstrainedDecal: 0.8100017, 1.4900022, 0.1
Position: 2.233131, -1.2050197, 1.7048312
Rotation: 3.1415927, 0, -0
