MutagenObjectType: PlacedObject
FormKey: 002037:BetterShipPartFlips.esm
FormVersion: 559
Base: 1F5648:Starfield.esm
ProjectedDecal:
  WidthScale: 1
  HeightScale: 1
  UnknownFloat: 0.32500044
  UnknownInt: 2880154369
ConstrainedDecal: 3.5375006, 3.132499, 0.5
Position: 1.0675054, 1.0618756, -2.116779
Rotation: -0, 0, 3.1415927
