MutagenObjectType: PlacedObject
FormKey: 002040:BetterShipPartFlips.esm
FormVersion: 559
Base: 1F5648:Starfield.esm
ProjectedDecal:
  WidthScale: 1
  HeightScale: 1
  UnknownFloat: 0.975
  UnknownInt: 2880154369
ConstrainedDecal: 1.6675022, 2.1624997, 0.5
Position: -1.1019045, 3.1313276, 0.21666114
Rotation: -1.5707964, -1.5707964, -0
