MutagenObjectType: PlacedObject
FormKey: 002053:BetterShipPartFlips.esm
FormVersion: 559
Base: 1E867E:Starfield.esm
ProjectedDecal:
  WidthScale: 1
  HeightScale: 1
  UnknownFloat: 0.27499998
  UnknownInt: 2880154369
ConstrainedDecal: 5.0699983, 4.34, 0.1
Position: 3.916627, -0.15090969, 0.48698533
Rotation: 1.5707964, 1.5707964, -0
