MutagenObjectType: PlacedObject
FormKey: 00205C:BetterShipPartFlips.esm
FormVersion: 559
Base: 1F5648:Starfield.esm
ProjectedDecal:
  WidthScale: 1
  HeightScale: 1
  UnknownFloat: 0.7000003
  UnknownInt: 2880154369
ConstrainedDecal: 3.5375006, 3.132499, 0.5
Position: 0.9356042, -1.6217505, 1.6777344
Rotation: 3.1415927, 0, 6.2529817
