MutagenObjectType: PlacedObject
FormKey: 00203A:BetterShipPartFlips.esm
FormVersion: 559
Base: 1F560E:Starfield.esm
ProjectedDecal:
  WidthScale: 1
  HeightScale: 1
  UnknownFloat: 0.29999998
  UnknownInt: 2880154369
ConstrainedDecal: 1.4500005, 1.1200002, 0.5
Position: 1.3853515, -1.1432297, 1.9399239
Rotation: 3.1415927, 0, 1.5415924
