MutagenObjectType: PlacedObject
FormKey: 002041:BetterShipPartFlips.esm
FormVersion: 559
Base: 29E425:Starfield.esm
ProjectedDecal:
  WidthScale: 1
  HeightScale: 1
  UnknownFloat: 0.15
  UnknownInt: 2880154369
ConstrainedDecal: 1.0100007, 1.2700026, 0.1
Position: 2.3291087, -3.9912758, 0.124146834
Rotation: 1.5707964, -0, 4.712389
