MutagenObjectType: PlacedObject
FormKey: 002055:BetterShipPartFlips.esm
FormVersion: 559
Base: 29E425:Starfield.esm
ProjectedDecal:
  WidthScale: 1
  HeightScale: 1
  UnknownFloat: 0.375
  UnknownInt: 2880154369
ConstrainedDecal: 1.7300011, 1.5300018, 0.1
Position: -1.0931338, 2.5947206, -0.7065134
Rotation: -0.8960554, -1.5707964, 0.8960554
