MutagenObjectType: PlacedObject
FormKey: 0016F3:BetterShipPartFlips.esm
FormVersion: 559
Base: 1F564D:Starfield.esm
ProjectedDecal:
  WidthScale: 1
  HeightScale: 1
  UnknownFloat: 0.4
  UnknownInt: 2880154369
ProjectedDecalReferences:
- 00174F:BetterShipPartFlips.esm
ConstrainedDecal: 4.7743006, 4.223094, 0.75
Position: -1.3797, -1.5461, 3.3095999
Rotation: 6.2512507, 4.917212, 1.5394865
