MutagenObjectType: PlacedObject
FormKey: 0016F2:BetterShipPartFlips.esm
FormVersion: 559
Base: 1F563E:Starfield.esm
ProjectedDecal:
  WidthScale: 1
  HeightScale: 1
  UnknownFloat: 0.57600003
  UnknownInt: 2880154369
ProjectedDecalReferences:
- 00174F:BetterShipPartFlips.esm
ConstrainedDecal: 4, 3.3318, 0.75
Position: -1.7501, 4.865, -1.8829
Rotation: 0.00031208034, 1.5702252, 3.141327
