MutagenObjectType: PlacedObject
FormKey: 0016F9:BetterShipPartFlips.esm
Base: 1F55FE:Starfield.esm
ProjectedDecal:
  WidthScale: 1
  HeightScale: 1
  UnknownFloat: 0.4
  UnknownInt: 2880154369
ProjectedDecalReferences:
- 00174F:BetterShipPartFlips.esm
ConstrainedDecal: 3.3841596, 3.3318, 0.7499999
Position: -1.7501, 1.3293, 0.0851
Rotation: 3.1425838, 1.5689756, 6.282578
