MutagenObjectType: PlacedObject
FormKey: 001F88:BetterShipPartFlips.esm
FormVersion: 559
Base: 29E425:Starfield.esm
ProjectedDecal:
  WidthScale: 1
  HeightScale: 1
  UnknownFloat: 0.15
  UnknownInt: 2880154369
ConstrainedDecal: 2.8300016, 2.3800008, 0.1
Position: 1.1324409, -1.9784536, -1.5006094
Rotation: 1.1730028E-07, -2.1248594E-08, 3.3207965
