MutagenObjectType: PlacedObject
FormKey: 001F8B:BetterShipPartFlips.esm
FormVersion: 559
Base: 1F5648:Starfield.esm
ProjectedDecal:
  WidthScale: 1
  HeightScale: 1
  UnknownFloat: 0.5750004
  UnknownInt: 2880154369
ConstrainedDecal: 4, 2, 0.75
Position: 1.7355534, 2.5215645, 1.7084664
Rotation: -3.1415925, 4.4129006E-08, 2.762389
