MutagenObjectType: PlacedObject
FormKey: 00196B:BetterShipPartFlips.esm
Base: 1F5605:Starfield.esm
ProjectedDecal:
  WidthScale: 1
  HeightScale: 1
  UnknownFloat: 0.467
  UnknownInt: 2880154369
ProjectedDecalReferences:
- 001976:BetterShipPartFlips.esm
ConstrainedDecal: 4.0488, 3.51, 0.75065345
Position: -1.5861, -6.0966, -0.3197
Rotation: 6.981317E-05, 1.5699505, 4.712389
