MutagenObjectType: PlacedObject
FormKey: 000A9D:BetterShipPartFlips.esm
FormVersion: 559
Base: 099C88:Starfield.esm
ProjectedDecal:
  WidthScale: 1
  HeightScale: 1
  UnknownFloat: 0.467
  UnknownInt: 2880154369
ConstrainedDecal: 4, 2, 0.5
Position: -1.2499995, 2.6598353, -0.91489124
Rotation: 2.2954917, -1.5707964, 2.4061093
