MutagenObjectType: PlacedObject
FormKey: 000DDE:BetterShipPartFlips.esm
FormVersion: 559
Base: 1F5654:Starfield.esm
ProjectedDecal:
  WidthScale: 1
  HeightScale: 1
  UnknownFloat: 0.4
  UnknownInt: 2880154369
ConstrainedDecal: 2.8062, 1.9296, 1.1336646
Position: -1.4587998, -3.001318, -0.26211464
Rotation: 3.1415927, 0, 0
