MutagenObjectType: PlacedObject
FormKey: 000DC5:BetterShipPartFlips.esp
FormVersion: 559
Base: 1F564D:Starfield.esm
ProjectedDecal:
  WidthScale: 1
  HeightScale: 1
  UnknownFloat: 0.6
  UnknownInt: 2880154369
ConstrainedDecal: 6.2632, 4, 0.75
Position: 4.014757, -2.2001143, -0.49199533
Rotation: 1.0191413, 1.5707964, 1.0191413
