MutagenObjectType: PlacedObject
FormKey: 000E0E:BetterShipPartFlips.esm
FormVersion: 559
Base: 1F5606:Starfield.esm
ProjectedDecal:
  WidthScale: 1
  HeightScale: 1
  UnknownFloat: 0.45000002
  UnknownInt: 2880154369
ProjectedDecalReferences:
- 000E08:BetterShipPartFlips.esm
ConstrainedDecal: 3.5876, 3.4718, 2.7989445
Position: 1.2862617, 2.3036532, 1.8026417
Rotation: 1.5707964, 0, 4.712389
