MutagenObjectType: PlacedObject
FormKey: 000909:BetterShipPartFlips.esm
FormVersion: 559
Base: 1F5602:Starfield.esm
ProjectedDecal:
  WidthScale: 1
  HeightScale: 1
  UnknownFloat: 0.526
  UnknownInt: 2880154369
ProjectedDecalReferences:
- 000906:BetterShipPartFlips.esm
ConstrainedDecal: 4.5039, 4.5355, 1.6002531
Position: -3.9163718, -2.2589707, 0.60799265
Rotation: -3.1415927, -0.5857804, -0
