MutagenObjectType: PlacedObject
FormKey: 000908:BetterShipPartFlips.esm
Base: 1F564E:Starfield.esm
ProjectedDecal:
  WidthScale: 1
  HeightScale: 1
  UnknownFloat: 0.726
  UnknownInt: 2880154369
ProjectedDecalReferences:
- 000906:BetterShipPartFlips.esm
ConstrainedDecal: 7.0999, 5.1699, 1.6002531
Position: -1.8000001, -5.7000003, 1.1
Rotation: 3.1364496, -0.23658238, 1.5782037
