MutagenObjectType: PlacedObject
FormKey: 0009DC:BetterShipPartFlips.esm
Base: 1F5658:Starfield.esm
ProjectedDecal:
  WidthScale: 1
  HeightScale: 1
  UnknownFloat: 0.5
  UnknownInt: 2880154369
ProjectedDecalReferences:
- 0009D5:BetterShipPartFlips.esm
ConstrainedDecal: 6.5164475, 3.8930426, 1.5951636
Position: 0.95075107, 0.1837225, 0.11488795
Rotation: -0.263055, 1.1797531, 1.3267931
