MutagenObjectType: PlacedObject
FormKey: 00430D:BetterShipPartFlips.esp
FormVersion: 559
Base: 1F5605:Starfield.esm
ProjectedDecal:
  WidthScale: 1
  HeightScale: 1
  UnknownFloat: 0.467
  UnknownInt: 2880154369
ConstrainedDecal: 3.5385542, 3.1004434, 1.4402285
Position: 0.7746519, -2.6292665, 1.5986328
Rotation: 3.1415927, -0, 3.1237965
