MutagenObjectType: PlacedObject
FormKey: 004305:BetterShipPartFlips.esp
MajorRecordFlagsRaw: 256
FormVersion: 559
StarfieldMajorRecordFlags:
- 0x100
Components:
- MutagenObjectType: ContactShadowComponent
  Items:
  - Unknown1: 0.009
    Unknown2: 3
    Unknown3: 10
    Unknown4: 0.2
    Unknown5: 0.06
Base: 0B6A20:Starfield.esm
Radius: -0.6490928
Lighting:
  Fade1PlusMinus: 0.5
LightArea:
  Data: 0x00000000000000000000000000000000
LightRoundedness:
  Data: 0x0000000000000000000000000000000001000000
Position: -3.7090223, 3.3968034, 1.0213763
