MutagenObjectType: PlacedObject
FormKey: 00430F:BetterShipPartFlips.esp
FormVersion: 559
Base: 1F5605:Starfield.esm
ProjectedDecal:
  WidthScale: 1
  HeightScale: 1
  UnknownFloat: 0.467
  UnknownInt: 2880154369
ProjectedDecalReferences:
- 0042F8:BetterShipPartFlips.esp
ConstrainedDecal: 3.5385542, 3.1004434, 1.4402285
Position: 1.0722455, -2.5710313, -1.485352
Rotation: 0, -0, 0.0027962853
