MutagenObjectType: PlacedObject
FormKey: 00430B:BetterShipPartFlips.esp
FormVersion: 559
Base: 1F5606:Starfield.esm
ProjectedDecal:
  WidthScale: 1
  HeightScale: 1
  UnknownFloat: 0.467
  UnknownInt: 2880154369
ProjectedDecalReferences:
- 0042F8:BetterShipPartFlips.esp
ConstrainedDecal: 2, 2.1803, 1.4402285
Position: -3.8797727, 3.0281596, 0.35631585
Rotation: -3.1415927, -1.1921158, -0
