MutagenObjectType: PlacedObject
FormKey: 00189F:BetterShipPartFlips.esm
FormVersion: 559
Base: 1F5655:Starfield.esm
ProjectedDecal:
  WidthScale: 1
  HeightScale: 1
  UnknownFloat: 0.6
  UnknownInt: 2880154369
ProjectedDecalReferences:
- 0018D9:BetterShipPartFlips.esm
ConstrainedDecal: 4.5928, 3.51, 0.5000001
Position: -0.2181, -0.6075, 1.7389
Rotation: -3.1406484, 0.0011885692, 6.223184
