MutagenObjectType: PlacedObject
FormKey: 000C57:BetterShipPartFlips.esm
FormVersion: 559
Base: 1F564E:Starfield.esm
ProjectedDecal:
  WidthScale: 1
  HeightScale: 1
  UnknownFloat: 0.6
  UnknownInt: 2880154369
ConstrainedDecal: 2.9399989, 0.80999994, 0.75
Position: 0.002858197, -0.8516197, -0.051147938
Rotation: 3.1415927, -0, 6.273982
