MutagenObjectType: PlacedObject
FormKey: 000FC3:BetterShipPartFlips.esp
FormVersion: 559
Base: 1F563D:Starfield.esm
ProjectedDecal:
  WidthScale: 1
  HeightScale: 1
  UnknownFloat: 0.522
  UnknownInt: 2880154369
ProjectedDecalReferences:
- 000FA6:BetterShipPartFlips.esp
ConstrainedDecal: 3.2767, 1.4562, 0.6459926
Position: -0.11077261, 1.3167431, -1.0949184
Rotation: -0.6660597, 0.0073600407, 3.1356506
