MutagenObjectType: PlacedObject
FormKey: 000DA5:BetterShipPartFlips.esm
FormVersion: 559
Base: 1F5608:Starfield.esm
ProjectedDecal:
  WidthScale: 1
  HeightScale: 1
  UnknownFloat: 0.4
  UnknownInt: 2880154369
ConstrainedDecal: 3.269, 2.6941, 1.1336648
Position: 3.7313275, -2.552025, -0.6137978
Rotation: -2.2689028, 1.4579995, 5.410497
