MutagenObjectType: PlacedObject
FormKey: 000863:BetterShipPartFlips.esm
Base: 1F55FE:Starfield.esm
ProjectedDecal:
  WidthScale: 1
  HeightScale: 1
  UnknownFloat: 1
  UnknownInt: 2880154369
ProjectedDecalReferences:
- 000862:BetterShipPartFlips.esm
ConstrainedDecal: 3.5516896, 3.1167755, 1.6002531
Position: -1.9157481, 1.5303615, 1.749999
Rotation: 3.1415927, -0, 1.5707964
