MutagenObjectType: PlacedObject
FormKey: 000B01:BetterShipPartFlips.esm
Base: 099C88:Starfield.esm
ProjectedDecal:
  WidthScale: 1
  HeightScale: 1
  UnknownFloat: 0.6
  UnknownInt: 2880154369
ConstrainedDecal: 5, 2.5, 0.5
Position: 1.2500007, -2.4339535, -0.8821657
Rotation: -0.57917356, 1.5707964, 0.9900191
