MutagenObjectType: PlacedObject
FormKey: 000D92:BetterShipPartFlips.esm
FormVersion: 559
Base: 1F564D:Starfield.esm
ProjectedDecal:
  WidthScale: 1
  HeightScale: 1
  UnknownFloat: 0.6
  UnknownInt: 2880154369
ProjectedDecalReferences:
- 000D8A:BetterShipPartFlips.esm
ConstrainedDecal: 4.9187, 4.5071, 1.1336648
Position: -0.0862659, 3.7826529, -1.2173642
Rotation: -1.5707964, -0, 1.5707964
