MutagenObjectType: PlacedObject
FormKey: 002108:BetterShipPartFlips.esp
FormVersion: 559
Base: 29E425:Starfield.esm
ProjectedDecal:
  WidthScale: 1
  HeightScale: 1
  UnknownFloat: 0.37499994
  UnknownInt: 2880154369
ConstrainedDecal: 1.4700029, 1.31, 0.9740097
Position: -1.2307764, -3.4720218, -0.052950088
Rotation: 1.5707964, 8.4703295E-22, 4.712389
