MutagenObjectType: PlacedObject
FormKey: 00210E:BetterShipPartFlips.esp
FormVersion: 559
Base: 099C86:Starfield.esm
ProjectedDecal:
  WidthScale: 1
  HeightScale: 1
  UnknownFloat: 0.42500046
  UnknownInt: 2880154369
ConstrainedDecal: 1.4200025, 0.9800001, 0.5
Position: 3.7095933, -2.1341112, 0.6777694
Rotation: -1.1919333E-07, 1.5707964, 0
