MutagenObjectType: PlacedObject
FormKey: 00211E:BetterShipPartFlips.esp
FormVersion: 559
Base: 29E425:Starfield.esm
ProjectedDecal:
  WidthScale: 1
  HeightScale: 1
  UnknownFloat: 0.22499996
  UnknownInt: 2880154369
ConstrainedDecal: 4.910003, 4.7999983, 0.9740097
Position: 0.26851988, 0.23794246, 1.2417754
Rotation: 3.1415927, 7.434597E-29, 1.5707965
