MutagenObjectType: PlacedObject
FormKey: 00212F:BetterShipPartFlips.esp
FormVersion: 559
Base: 1F560E:Starfield.esm
ProjectedDecal:
  WidthScale: 1
  HeightScale: 1
  UnknownFloat: 0.32499993
  UnknownInt: 2880154369
ConstrainedDecal: 3.1900003, 1.3500001, 0.5
Position: 3.093018, -2.0445921, 1.6782521
Rotation: -3.1415927, 7.434597E-29, 4.712389
