MutagenObjectType: PlacedObject
FormKey: 00212D:BetterShipPartFlips.esp
FormVersion: 559
Base: 1F5648:Starfield.esm
ProjectedDecal:
  WidthScale: 1
  HeightScale: 1
  UnknownFloat: 0.9000001
  UnknownInt: 2880154369
ConstrainedDecal: 2.86, 2.37, 0.75
Position: -2.6523087, -2.0503774, 1.6465365
Rotation: -3.1415927, -2.2848965E-29, 1.8831854
