MutagenObjectType: PlacedObject
FormKey: 002131:BetterShipPartFlips.esp
FormVersion: 559
Base: 1F560E:Starfield.esm
ProjectedDecal:
  WidthScale: 1
  HeightScale: 1
  UnknownFloat: 0.29999992
  UnknownInt: 2880154369
ConstrainedDecal: 2.470001, 1.3155001, 0.5
Position: -1.9965377, -1.8973625, -1.6601562
Rotation: -0, -7.434597E-29, 1.5707963
