MutagenObjectType: PlacedObject
FormKey: 00212B:BetterShipPartFlips.esp
FormVersion: 559
Base: 099C86:Starfield.esm
ProjectedDecal:
  WidthScale: 1
  HeightScale: 1
  UnknownFloat: 0.42500046
  UnknownInt: 2880154369
ConstrainedDecal: 1.870002, 0.6800005, 0.5
Position: 3.7057464, -2.2968307, -0.07422692
Rotation: -1.1919333E-07, 1.5707964, 0
