MutagenObjectType: PlacedObject
FormKey: 002112:BetterShipPartFlips.esp
FormVersion: 559
Base: 1F5648:Starfield.esm
ProjectedDecal:
  WidthScale: 1
  HeightScale: 1
  UnknownFloat: 0.6750003
  UnknownInt: 2880154369
ConstrainedDecal: 2.86, 2.37, 0.75
Position: -2.36415, 3.9062493, 0.011957765
Rotation: -1.5707964, -8.4703295E-22, -0
