MutagenObjectType: PlacedObject
FormKey: 002136:BetterShipPartFlips.esp
FormVersion: 559
Base: 05ABE9:Starfield.esm
ProjectedDecal:
  WidthScale: 1
  HeightScale: 1
  UnknownFloat: 0.27499998
  UnknownInt: 2880154369
ConstrainedDecal: 4.910003, 4.7999983, 0.1
Position: -0.20744872, 0.11329234, 1.6601567
Rotation: -3.1415927, 7.434597E-29, 1.5707965
