MutagenObjectType: PlacedObject
FormKey: 002137:BetterShipPartFlips.esp
FormVersion: 559
Base: 29E425:Starfield.esm
ProjectedDecal:
  WidthScale: 1
  HeightScale: 1
  UnknownFloat: 0.19999996
  UnknownInt: 2880154369
ConstrainedDecal: 1.880002, 1.09, 0.9740097
Position: -3.5045285, 2.237578, -0.06636767
Rotation: -1.1919333E-07, -1.5707964, 0
