MutagenObjectType: PlacedObject
FormKey: 00212A:BetterShipPartFlips.esp
FormVersion: 559
Base: 099C80:Starfield.esm
ProjectedDecal:
  WidthScale: 1
  HeightScale: 1
  UnknownFloat: 0.62500036
  UnknownInt: 2880154369
ConstrainedDecal: 4, 2, 0.5
Position: -1.9575012, -3.6992002, -0.11559078
Rotation: 1.5707964, 8.4703295E-22, 3.1415927
