MutagenObjectType: PlacedObject
FormKey: 002132:BetterShipPartFlips.esp
FormVersion: 559
Base: 1F5648:Starfield.esm
ProjectedDecal:
  WidthScale: 1
  HeightScale: 1
  UnknownFloat: 0.6750003
  UnknownInt: 2880154369
ConstrainedDecal: 2.86, 2.37, 0.75
Position: 2.7362113, 3.921875, -0.0086865425
Rotation: -1.5707964, -8.4703295E-22, -0
