MutagenObjectType: PlacedObject
FormKey: 00210A:BetterShipPartFlips.esp
FormVersion: 559
Base: 29E425:Starfield.esm
ProjectedDecal:
  WidthScale: 1
  HeightScale: 1
  UnknownFloat: 0.19999996
  UnknownInt: 2880154369
ConstrainedDecal: 1.7100022, 1.4299997, 0.9740097
Position: 1.294165, 3.4736693, -0.033199843
Rotation: -1.5707964, -8.4703295E-22, 1.5707965
