MutagenObjectType: PlacedObject
FormKey: 002121:BetterShipPartFlips.esp
FormVersion: 559
Base: 099C86:Starfield.esm
ProjectedDecal:
  WidthScale: 1
  HeightScale: 1
  UnknownFloat: 0.40000045
  UnknownInt: 2880154369
ConstrainedDecal: 1.870002, 0.6800005, 0.5
Position: -3.6851318, 1.2390879, -0.022580922
Rotation: 2.3415926, -1.5707964, 3.1415927
