MutagenObjectType: PlacedObject
FormKey: 00211A:BetterShipPartFlips.esp
FormVersion: 559
Base: 099C86:Starfield.esm
ProjectedDecal:
  WidthScale: 1
  HeightScale: 1
  UnknownFloat: 0.42500046
  UnknownInt: 2880154369
ConstrainedDecal: 1.6700022, 0.5800005, 0.5
Position: 3.7277496, 2.1940837, -0.30789244
Rotation: -1.1919333E-07, 1.5707964, 0
