MutagenObjectType: PlacedObject
FormKey: 00212E:BetterShipPartFlips.esp
FormVersion: 559
Base: 1F5648:Starfield.esm
ProjectedDecal:
  WidthScale: 1
  HeightScale: 1
  UnknownFloat: 0.6750003
  UnknownInt: 2880154369
ConstrainedDecal: 2.86, 2.37, 0.75
Position: -3.9049602, -3.0733483, 0.045966864
Rotation: 1.5707964, -1.5707964, 0
