MutagenObjectType: PlacedObject
FormKey: 002127:BetterShipPartFlips.esp
FormVersion: 559
Base: 099C86:Starfield.esm
ProjectedDecal:
  WidthScale: 1
  HeightScale: 1
  UnknownFloat: 0.40000045
  UnknownInt: 2880154369
ConstrainedDecal: 1.870002, 0.6800005, 0.5
Position: 2.2798097, -3.6934018, 0.022623122
Rotation: 1.5707964, 8.4703295E-22, 4.712389
