MutagenObjectType: PlacedObject
FormKey: 002117:BetterShipPartFlips.esp
FormVersion: 559
Base: 29E425:Starfield.esm
ProjectedDecal:
  WidthScale: 1
  HeightScale: 1
  UnknownFloat: 0.4
  UnknownInt: 2880154369
ConstrainedDecal: 1.4700029, 1.31, 0.9740097
Position: 2.048279, -3.446071, 0.78612864
Rotation: 1.5707964, 8.4703295E-22, 4.712389
