MutagenObjectType: PlacedObject
FormKey: 002114:BetterShipPartFlips.esp
FormVersion: 559
Base: 1F560E:Starfield.esm
ProjectedDecal:
  WidthScale: 1
  HeightScale: 1
  UnknownFloat: 0.29999992
  UnknownInt: 2880154369
ConstrainedDecal: 2.6400008, 1.2625003, 0.5
Position: 3.6728194, 2.564985, 0.020741612
Rotation: -1.1919333E-07, 1.5707964, 0
