MutagenObjectType: PlacedObject
FormKey: 002113:BetterShipPartFlips.esp
FormVersion: 559
Base: 099C86:Starfield.esm
ProjectedDecal:
  WidthScale: 1
  HeightScale: 1
  UnknownFloat: 0.40000045
  UnknownInt: 2880154369
ConstrainedDecal: 1.4500024, 0.44000065, 0.5
Position: 1.2444751, -3.6754522, 0.99074954
Rotation: 1.5707964, 8.4703295E-22, -0
