MutagenObjectType: PlacedObject
FormKey: 00210F:BetterShipPartFlips.esp
FormVersion: 559
Base: 29E425:Starfield.esm
ProjectedDecal:
  WidthScale: 1
  HeightScale: 1
  UnknownFloat: 0.325
  UnknownInt: 2880154369
ConstrainedDecal: 0.9700029, 0.96000016, 0.9740097
Position: 0.92910457, 1.0348232, -1.1945332
Rotation: -0, -7.434597E-29, 4.712389
