MutagenObjectType: PlacedObject
FormKey: 003703:BetterShipPartFlips.esm
FormVersion: 559
Base: 1F5634:Starfield.esm
ProjectedDecal:
  WidthScale: 1
  HeightScale: 1
  UnknownFloat: 0.4
  UnknownInt: 2880154369
ProjectedDecalReferences:
- 0036DC:BetterShipPartFlips.esm
ConstrainedDecal: 5.1900015, 7.7000103, 2.6423848
Position: -0.09469413, -2.349857, -1.6796799
Rotation: -3.1415927, -0, 1.5707964
