MutagenObjectType: PlacedObject
FormKey: 000DD9:BetterShipPartFlips.esm
Base: 1F564E:Starfield.esm
ProjectedDecal:
  WidthScale: 1
  HeightScale: 1
  UnknownFloat: 0.8
  UnknownInt: 2880154369
ConstrainedDecal: 2.8062, 2.0252, 1.1336646
Position: 1.7485234, -3.1302867, -0.75271994
Rotation: -3.1415927, 1.0452578, 4.712389
