MutagenObjectType: PlacedObject
FormKey: 0021DE:BetterShipPartFlips.esp
MajorRecordFlagsRaw: 256
FormVersion: 559
StarfieldMajorRecordFlags:
- 0x100
Base: 0CB918:Starfield.esm
Radius: 0.17610407
LightArea:
  Data: 0x00000000000000000000000000000000
Layer: 08CC6A:Starfield.esm
LightRoundedness:
  Data: 0x0000000000000000000000000000000001000000
Position: 2.671967, -2.0789237, -0.06805074
