MutagenObjectType: PlacedObject
FormKey: 00098E:BetterShipPartFlips.esp
FormVersion: 559
Base: 099C9B:Starfield.esm
ProjectedDecal:
  WidthScale: 1
  HeightScale: 1
  UnknownFloat: 0.6
  UnknownInt: 2880154369
ConstrainedDecal: 3.7415, 9.8832, 3.2575393
Position: -0.011652708, 0.12509441, -1.2582126
Rotation: -1.5707965, -1.570308, 1.5707963
