MutagenObjectType: PlacedObject
FormKey: 00234C:BetterShipPartFlips.esp
FormVersion: 559
Base: 1F566F:Starfield.esm
ConstrainedDecal: 3.510128, 2, 1.649617
Layer: 252951:Starfield.esm
Position: 2.9985924, 0.08672857, 0.026603997
Rotation: 3.1415927, 0.8888521, 1.5707964
