MutagenObjectType: PlacedObject
FormKey: 00234A:BetterShipPartFlips.esp
FormVersion: 559
Base: 1F563C:Starfield.esm
ConstrainedDecal: 3.510128, 2, 1.649617
Layer: 252951:Starfield.esm
Position: 0.7611027, 0.08672857, 0.4404359
Rotation: 3.1415927, -0.8888522, 4.712389
