MutagenObjectType: PlacedObject
FormKey: 002358:BetterShipPartFlips.esp
MajorRecordFlagsRaw: 256
FormVersion: 559
StarfieldMajorRecordFlags:
- 0x100
Base: 09A687:Starfield.esm
Lighting:
  Fov90PlusMinus: -11.131355
  Fade1PlusMinus: 1
LightArea:
  Data: 0x00000000000000000000000000000000
Layer: 08CC6A:Starfield.esm
LightRoundedness:
  Data: 0x0000000000000000000000000000000001000000
Position: -3.5445595, 0.9011011, 0.14842892
Rotation: 1.2314309, -1.5707964, 5.030959
