MutagenObjectType: PlacedObject
FormKey: 00231F:BetterShipPartFlips.esm
FormVersion: 559
Base: 1F5688:Starfield.esm
ProjectedDecal:
  WidthScale: 1
  HeightScale: 1
  UnknownFloat: 0.6
  UnknownInt: 2880154369
ProjectedDecalReferences:
- 002318:BetterShipPartFlips.esm
ConstrainedDecal: 2.930001, 0.8200009, 0.75
Position: 1.9549402, 2.2342074, 0.89624745
Rotation: -3.1415927, -0.48073947, 3.1415927
