MutagenObjectType: PlacedObject
FormKey: 00231B:BetterShipPartFlips.esm
FormVersion: 559
Base: 1F5674:Starfield.esm
ProjectedDecal:
  WidthScale: 1
  HeightScale: 1
  UnknownFloat: 0.4
  UnknownInt: 2880154369
ProjectedDecalReferences:
- 002318:BetterShipPartFlips.esm
ConstrainedDecal: 2.6700013, 2.080002, 2
Position: 1.6220732, -3.4699843, 0.5699659
Rotation: 3.1415925, -0.74171335, 1.0450003
