MutagenObjectType: PlacedObject
FormKey: 002324:BetterShipPartFlips.esm
FormVersion: 559
Base: 1F568E:Starfield.esm
ProjectedDecal:
  WidthScale: 1
  HeightScale: 1
  UnknownFloat: 0.6
  UnknownInt: 2880154369
ProjectedDecalReferences:
- 002318:BetterShipPartFlips.esm
ConstrainedDecal: 2.3699994, 2.5199995, 1.2746297
Position: 2.4521058, 2.3826773, -1.3905315
Rotation: -3.46352E-08, 0.0996687, 1.7415925
