MutagenObjectType: PlacedObject
FormKey: 002323:BetterShipPartFlips.esm
FormVersion: 559
Base: 099C80:Starfield.esm
ProjectedDecal:
  WidthScale: 1
  HeightScale: 1
  UnknownFloat: 0.2
  UnknownInt: 2880154369
ProjectedDecalReferences:
- 002318:BetterShipPartFlips.esm
ConstrainedDecal: 5.2499986, 3.4199986, 1.0421335
Position: 2.5335958, -1.5133295, 0.8923268
Rotation: 3.1415927, -0.4807398, 1.5707964
