MutagenObjectType: PlacedObject
FormKey: 00231E:BetterShipPartFlips.esm
FormVersion: 559
Base: 1F568E:Starfield.esm
ProjectedDecal:
  WidthScale: 1
  HeightScale: 1
  UnknownFloat: 0.6
  UnknownInt: 2880154369
ProjectedDecalReferences:
- 002318:BetterShipPartFlips.esm
ConstrainedDecal: 2.3699994, 2.5199995, 1.2746297
Position: 1.8661262, -1.8780901, -1.089796
Rotation: -6.6920855E-08, -0.6875522, 5.5415926
