MutagenObjectType: PlacedObject
FormKey: 001855:BetterShipPartFlips.esm
Base: 1F5655:Starfield.esm
ProjectedDecal:
  WidthScale: 1
  HeightScale: 1
  UnknownFloat: 0.6
  UnknownInt: 2880154369
ProjectedDecalReferences:
- 0018DA:BetterShipPartFlips.esm
ConstrainedDecal: 4.5928, 3.51, 0.5000001
Position: 0.5166, 0.2181, 1.7502
Rotation: 0.00071558496, 3.1417496, 1.5107963
