MutagenObjectType: PlacedObject
FormKey: 0017BA:BetterShipPartFlips.esp
FormVersion: 559
Base: 1F564E:Starfield.esm
ProjectedDecal:
  WidthScale: 1
  HeightScale: 1
  UnknownFloat: 0.4
  UnknownInt: 2880154369
ProjectedDecalReferences:
- 00183A:BetterShipPartFlips.esp
ConstrainedDecal: 6.5918, 4.7247, 0.97489405
Position: -0.61259997, -3.0567, 0.561
Rotation: 0.13177235, 3.1417742, 2.4434608E-05
