MutagenObjectType: PlacedObject
FormKey: 00087B:BSPF-ShipColorize-Patch.esp
FormVersion: 559
Base: 05ABE9:Starfield.esm
ProjectedDecal:
  WidthScale: 1
  HeightScale: 1
  UnknownFloat: 0.275
  UnknownInt: 2880154369
ConstrainedDecal: 5.4300003, 5.6000013, 0.1
Position: -1.9838257, 0.013283679, 1.4975259
Rotation: 3.1415925, -1.1565001E-07, 0
