MutagenObjectType: PlacedObject
FormKey: 000878:BSPF-ShipColorize-Patch.esp
FormVersion: 559
Base: 003316:Starfield.esm
ConstrainedDecal: 6, 1, 0.5
Position: 0.22970289, 3.7500002, -0.007209718
Rotation: -1.5707964, 5.9604645E-08, 3.1415927
