MutagenObjectType: PlacedObject
FormKey: 000880:BSPF-ShipColorize-Patch.esp
FormVersion: 559
Base: 1F560E:Starfield.esm
ProjectedDecal:
  WidthScale: 1
  HeightScale: 1
  UnknownFloat: 0.29999992
  UnknownInt: 2880154369
ConstrainedDecal: 2.3200016, 0.94999945, 0.5
Position: 2.1513891, -0.9020277, -1.4999998
Rotation: 0, -0, 4.712389
