MutagenObjectType: PlacedObject
FormKey: 000DE6:BetterShipPartFlips.esp
FormVersion: 559
Base: 1F564D:Starfield.esm
ProjectedDecal:
  WidthScale: 1
  HeightScale: 1
  UnknownFloat: 0.4
  UnknownInt: 2880154369
ProjectedDecalReferences:
- 000DE3:BetterShipPartFlips.esp
ConstrainedDecal: 3.9987, 3.2091, 1.1336648
Position: 1.2456673, 2.2124343, -0.22618604
Rotation: -3.1406677, 1.0438881, 0.0007995372
