MutagenObjectType: PlacedObject
FormKey: 001FAA:BetterShipPartFlips.esm
FormVersion: 559
Base: 1F560E:Starfield.esm
ReferenceGroup: 08DCA8:Starfield.esm
ProjectedDecal:
  WidthScale: 1
  HeightScale: 1
  UnknownFloat: 0.40000004
  UnknownInt: 2880154369
ConstrainedDecal: 3.0600007, 1.3, 0.5
Position: -2.6892958, 1.6335032, -0.89680743
Rotation: -0, -0.82297456, 4.712389
