MutagenObjectType: PlacedObject
FormKey: 001FA5:BetterShipPartFlips.esm
FormVersion: 559
Base: 1F5648:Starfield.esm
ReferenceGroup: 08DCA8:Starfield.esm
ProjectedDecal:
  WidthScale: 1
  HeightScale: 1
  UnknownFloat: 0.6750003
  UnknownInt: 2880154369
ConstrainedDecal: 2.700001, 3.9399989, 0.5
Position: -3.9941406, -1.9568405, 0.30017817
Rotation: 1.5707963, -1.5707964, 0
