MutagenObjectType: PlacedObject
FormKey: 001F98:BetterShipPartFlips.esm
FormVersion: 559
Base: 1F560E:Starfield.esm
ReferenceGroup: 08DCA8:Starfield.esm
ProjectedDecal:
  WidthScale: 1
  HeightScale: 1
  UnknownFloat: 0.25
  UnknownInt: 2880154369
ConstrainedDecal: 3.0400007, 2.5399995, 0.5
Position: -2.5295198, -1.553607, -0.93377805
Rotation: -0, -0.2922341, 4.712389
