MutagenObjectType: PlacedObject
FormKey: 001F9F:BetterShipPartFlips.esm
FormVersion: 559
Base: 29E425:Starfield.esm
ReferenceGroup: 08DCA8:Starfield.esm
ProjectedDecal:
  WidthScale: 1
  HeightScale: 1
  UnknownFloat: 0.125
  UnknownInt: 2880154369
ConstrainedDecal: 2.6349998, 3.6899984, 0.1
Position: -1.5117091, 3.947034, 1.433614
Rotation: 3.1415927, -0, 1.2999998
