MutagenObjectType: PlacedObject
FormKey: 001FA8:BetterShipPartFlips.esm
FormVersion: 559
Base: 1F5648:Starfield.esm
ReferenceGroup: 08DCA8:Starfield.esm
ProjectedDecal:
  WidthScale: 1
  HeightScale: 1
  UnknownFloat: 0.6000004
  UnknownInt: 2880154369
ConstrainedDecal: 2.700001, 3.9399989, 0.5
Position: -2.576854, 1.9848801, 1.4677734
Rotation: -3.1415927, -0, 3.1415927
