MutagenObjectType: PlacedObject
FormKey: 001F92:BetterShipPartFlips.esm
FormVersion: 559
Base: 1F560E:Starfield.esm
ReferenceGroup: 08DCA8:Starfield.esm
ProjectedDecal:
  WidthScale: 1
  HeightScale: 1
  UnknownFloat: 0.12499998
  UnknownInt: 2880154369
ConstrainedDecal: 3.0600007, 1.3, 0.5
Position: -1.86214, 3.9291677, 0.5076588
Rotation: -1.5707964, -0, 3.1415927
