MutagenObjectType: PlacedObject
FormKey: 001F9B:BetterShipPartFlips.esm
FormVersion: 559
Base: 1F5648:Starfield.esm
ReferenceGroup: 08DCA8:Starfield.esm
ProjectedDecal:
  WidthScale: 1
  HeightScale: 1
  UnknownFloat: 0.7000003
  UnknownInt: 2880154369
ConstrainedDecal: 1.5600016, 1.5200005, 0.5
Position: -1.8679914, 3.9277344, 0.17621243
Rotation: -1.5707964, -0, 3.1415927
