MutagenObjectType: PlacedObject
FormKey: 001F9A:BetterShipPartFlips.esm
FormVersion: 559
Base: 29E425:Starfield.esm
ReferenceGroup: 08DCA8:Starfield.esm
ProjectedDecal:
  WidthScale: 1
  HeightScale: 1
  UnknownFloat: 0.17500001
  UnknownInt: 2880154369
ConstrainedDecal: 2.8649993, 2.3799994, 0.1
Position: -3.8702643, -0.20227155, 0.37215656
Rotation: -1.5707963, -1.5707964, 0
