MutagenObjectType: PlacedObject
FormKey: 000F01:BetterShipPartFlips.esm
Base: 099C90:Starfield.esm
ProjectedDecal:
  WidthScale: 1
  HeightScale: 1
  UnknownFloat: 1
  UnknownInt: 2880154369
ProjectedDecalReferences:
- 000EF5:BetterShipPartFlips.esm
ConstrainedDecal: 8, 1.349976, 0.49999997
Position: 1.8714015, -0.1926097, 0.5988239
Rotation: -0, 0.72381836, 4.712389
