MutagenObjectType: PlacedObject
FormKey: 002064:BetterShipPartFlips.esp
FormVersion: 559
Base: 29E425:Starfield.esm
ProjectedDecal:
  WidthScale: 1
  HeightScale: 1
  UnknownFloat: 0.325
  UnknownInt: 2880154369
ConstrainedDecal: 0.9600013, 0.9600023, 0.1
Position: -1.082668, -2.4334106, -0.2268079
Rotation: -1.5707964, -1.5707964, -0
