MutagenObjectType: PlacedObject
FormKey: 00203F:BetterShipPartFlips.esp
FormVersion: 559
Base: 1F560E:Starfield.esm
ProjectedDecal:
  WidthScale: 1
  HeightScale: 1
  UnknownFloat: 0.45000002
  UnknownInt: 2880154369
ConstrainedDecal: 2.3500001, 0.9900005, 0.5
Position: 3.9106908, -0.98316455, 0.27237046
Rotation: 2.3762605, 1.5707964, 5.5178537
