MutagenObjectType: PlacedObject
FormKey: 00203E:BetterShipPartFlips.esp
FormVersion: 559
Base: 1F5648:Starfield.esm
ProjectedDecal:
  WidthScale: 1
  HeightScale: 1
  UnknownFloat: 0.7000003
  UnknownInt: 2880154369
ConstrainedDecal: 3.5375006, 3.132499, 0.5
Position: 2.386128, 1.7112178, 1.6914645
Rotation: 3.1415927, 0, 6.2529817
