MutagenObjectType: PlacedObject
FormKey: 002042:BetterShipPartFlips.esp
FormVersion: 559
Base: 1E867E:Starfield.esm
ProjectedDecal:
  WidthScale: 1
  HeightScale: 1
  UnknownFloat: 0.29999998
  UnknownInt: 2880154369
ConstrainedDecal: 2.5399995, 2.7400012, 0.1
Position: -1.118447, -2.769464, 0.048447292
Rotation: -1.5707964, -1.5707964, -0
