MutagenObjectType: PlacedObject
FormKey: 002043:BetterShipPartFlips.esp
FormVersion: 559
Base: 29E425:Starfield.esm
ProjectedDecal:
  WidthScale: 1
  HeightScale: 1
  UnknownFloat: 0.15
  UnknownInt: 2880154369
ConstrainedDecal: 0.72999996, 1.000003, 0.1
Position: 3.9423962, 0.8333229, 1.1463844
Rotation: 2.3762605, 1.5707964, 5.5178537
