MutagenObjectType: PlacedObject
FormKey: 00204A:BetterShipPartFlips.esp
FormVersion: 559
Base: 29E425:Starfield.esm
ProjectedDecal:
  WidthScale: 1
  HeightScale: 1
  UnknownFloat: 0.17499995
  UnknownInt: 2880154369
ConstrainedDecal: 0.9700013, 0.73000246, 0.1
Position: -1.1153375, -2.3930473, 0.6722143
Rotation: -1.5707964, -1.5707964, -0
