MutagenObjectType: PlacedObject
FormKey: 002044:BetterShipPartFlips.esp
FormVersion: 559
Base: 1F5648:Starfield.esm
ProjectedDecal:
  WidthScale: 1
  HeightScale: 1
  UnknownFloat: 0.9250001
  UnknownInt: 2880154369
ConstrainedDecal: 2.6375015, 2.0824997, 0.5
Position: 1.4058617, -0.96152234, 1.9212567
Rotation: 3.1415927, 0, 1.5405924
