MutagenObjectType: PlacedObject
FormKey: 002039:BetterShipPartFlips.esp
FormVersion: 559
Base: 1F5648:Starfield.esm
ProjectedDecal:
  WidthScale: 1
  HeightScale: 1
  UnknownFloat: 0.9250001
  UnknownInt: 2880154369
ConstrainedDecal: 2.6375015, 2.0824997, 0.5
Position: 2.3580484, -4.0140934, 0.56930315
Rotation: 1.5707964, -0, -0
