MutagenObjectType: PlacedObject
FormKey: 002058:BetterShipPartFlips.esp
FormVersion: 559
Base: 1F5648:Starfield.esm
ProjectedDecal:
  WidthScale: 1
  HeightScale: 1
  UnknownFloat: 0.975
  UnknownInt: 2880154369
ConstrainedDecal: 1.6675022, 2.1624997, 0.5
Position: 3.9331222, 3.053631, -0.0043957154
Rotation: 1.5707964, 1.5707964, -0
