MutagenObjectType: PlacedObject
FormKey: 000F87:BetterShipPartFlips.esm
FormVersion: 559
Base: 1F563F:Starfield.esm
ProjectedDecal:
  WidthScale: 1
  HeightScale: 1
  UnknownFloat: 0.32200003
  UnknownInt: 2880154369
ProjectedDecalReferences:
- 000F7E:BetterShipPartFlips.esm
ConstrainedDecal: 1.2014, 1.1447, 0.6459925
Position: 2.7591238, 2.927663, 0.9996491
Rotation: 2.8816497, 0.34932393, 3.0508246
