MutagenObjectType: PlacedObject
FormKey: 000F86:BetterShipPartFlips.esm
FormVersion: 559
Base: 1F563F:Starfield.esm
ProjectedDecal:
  WidthScale: 1
  HeightScale: 1
  UnknownFloat: 0.522
  UnknownInt: 2880154369
ProjectedDecalReferences:
- 000F7E:BetterShipPartFlips.esm
ConstrainedDecal: 1.4847, 1.4562, 0.6459924
Position: -2.5365093, 2.9373415, 1.0736414
Rotation: 2.817573, -0.2912529, 3.435172
