MutagenObjectType: PlacedObject
FormKey: 001F36:BetterShipPartFlips.esm
FormVersion: 559
Base: 1F560E:Starfield.esm
ProjectedDecal:
  WidthScale: 1
  HeightScale: 1
  UnknownFloat: 0.4
  UnknownInt: 2880154369
ConstrainedDecal: 4, 2, 0.5
Position: 1.009553, 2.6858788, 1.2515862
Rotation: -3.1415927, -1.192093E-07, 0
