MutagenObjectType: PlacedObject
FormKey: 001F35:BetterShipPartFlips.esm
FormVersion: 559
Base: 05ABE9:Starfield.esm
ProjectedDecal:
  WidthScale: 1
  HeightScale: 1
  UnknownFloat: 0.22500002
  UnknownInt: 2880154369
ConstrainedDecal: 6.28, 5.830002, 0.1
Position: -0.45643878, -1.1871256, 1.4999998
Rotation: -3.1415927, -1.192093E-07, 4.712389
