MutagenObjectType: PlacedObject
FormKey: 0008FE:BetterShipPartFlips.esp
FormVersion: 559
Base: 1F563C:Starfield.esm
ProjectedDecal:
  WidthScale: 1
  HeightScale: 1
  UnknownFloat: 0.526
  UnknownInt: 2880154369
ProjectedDecalReferences:
- 0008FB:BetterShipPartFlips.esp
ConstrainedDecal: 2.9053824, 2.8510733, 2.7656116
Position: -3.1297162, -3.306228, 0.6187987
Rotation: -3.1380072, -0.58438516, 6.2812076
