MutagenObjectType: PlacedObject
FormKey: 00086D:BSPF-ShipColorize-Patch.esp
FormVersion: 559
Base: 1F5648:Starfield.esm
ProjectedDecal:
  WidthScale: 1
  HeightScale: 1
  UnknownFloat: 0.72500026
  UnknownInt: 2880154369
ConstrainedDecal: 4, 2, 0.75
Position: 1.409514, -0.13971268, -1.5019528
Rotation: -2.8308418E-07, 1.1565001E-07, 0
