MutagenObjectType: PlacedObject
FormKey: 00085E:BSPF-ShipColorize-Patch.esp
FormVersion: 559
Base: 1F5648:Starfield.esm
ProjectedDecal:
  WidthScale: 1
  HeightScale: 1
  UnknownFloat: 0.72500026
  UnknownInt: 2880154369
ConstrainedDecal: 4, 2, 0.75
Position: 3.7519526, -0.7601696, 0.23166975
Rotation: 1.5707963, 1.5707964, 0
