MutagenObjectType: PlacedObject
FormKey: 000858:BSPF-ShipColorize-Patch.esp
FormVersion: 559
Base: 1F560E:Starfield.esm
ProjectedDecal:
  WidthScale: 1
  HeightScale: 1
  UnknownFloat: 0.25000042
  UnknownInt: 2880154369
ConstrainedDecal: 1.6800022, 0.8499996, 0.5
Position: 2.952302, -0.09363231, 1.5297303
Rotation: 3.1415925, -1.1565001E-07, 1.5707964
