MutagenObjectType: PlacedObject
FormKey: 00085C:BSPF-ShipColorize-Patch.esp
FormVersion: 559
Base: 1F560E:Starfield.esm
ProjectedDecal:
  WidthScale: 1
  HeightScale: 1
  UnknownFloat: 0.32500002
  UnknownInt: 2880154369
ConstrainedDecal: 2.7100012, 1.0700002, 0.5
Position: 3.0183704, 0.07273343, 1.498324
Rotation: 3.1415925, -1.1565001E-07, 4.712389
