MutagenObjectType: PlacedObject
FormKey: 000865:BSPF-ShipColorize-Patch.esp
FormVersion: 559
Base: 29E425:Starfield.esm
ProjectedDecal:
  WidthScale: 1
  HeightScale: 1
  UnknownFloat: 0.3
  UnknownInt: 2880154369
ConstrainedDecal: 2.2415001, 2.3179982, 0.1
Position: -2.224721, -3.7519534, -1.2921813
Rotation: 1.5707961, -4.300324E-08, 5.8831854
