MutagenObjectType: PlacedObject
FormKey: 00085B:BSPF-ShipColorize-Patch.esp
FormVersion: 559
Base: 05ABE9:Starfield.esm
ProjectedDecal:
  WidthScale: 1
  HeightScale: 1
  UnknownFloat: 0.2
  UnknownInt: 2880154369
ConstrainedDecal: 3.2199998, 3.1899986, 0.1
Position: -1.1513765, -1.6243021, -1.5
Rotation: -2.8308418E-07, 1.1565001E-07, 0
