MutagenObjectType: PlacedObject
FormKey: 000866:BSPF-ShipColorize-Patch.esp
FormVersion: 559
Base: 05ABE9:Starfield.esm
ProjectedDecal:
  WidthScale: 1
  HeightScale: 1
  UnknownFloat: 0.17500001
  UnknownInt: 2880154369
ConstrainedDecal: 6.0900006, 4.879999, 0.1
Position: 0.28095186, -0.16566372, -1.4999998
Rotation: -2.8308418E-07, 1.1565001E-07, 0
