MutagenObjectType: PlacedObject
FormKey: 000863:BSPF-ShipColorize-Patch.esp
FormVersion: 559
Base: 29E425:Starfield.esm
ProjectedDecal:
  WidthScale: 1
  HeightScale: 1
  UnknownFloat: 0.37500003
  UnknownInt: 2880154369
ConstrainedDecal: 2.2415001, 2.3179982, 0.1
Position: -1.9884808, -3.75, 1.2191193
Rotation: 1.5707961, 2.891253E-08, 0
