MutagenObjectType: PlacedObject
FormKey: 000869:BSPF-ShipColorize-Patch.esp
FormVersion: 559
Base: 29E425:Starfield.esm
ProjectedDecal:
  WidthScale: 1
  HeightScale: 1
  UnknownFloat: 0.25
  UnknownInt: 2880154369
ConstrainedDecal: 2.3299997, 3.0409997, 0.1
Position: -1.2063086, 3.2616491, 1.478972
Rotation: 3.1415925, -1.1565001E-07, 0
