MutagenObjectType: PlacedObject
FormKey: 000868:BSPF-ShipColorize-Patch.esm
FormVersion: 559
Base: 1F560E:Starfield.esm
ProjectedDecal:
  WidthScale: 1
  HeightScale: 1
  UnknownFloat: 0.35000044
  UnknownInt: 2880154369
ConstrainedDecal: 2.7700012, 1.3999997, 0.5
Position: 0.19190726, -1.8119284, 1.4999998
Rotation: 3.1415925, -1.1565001E-07, 1.5707964
