MutagenObjectType: PlacedObject
FormKey: 000867:BSPF-ShipColorize-Patch.esm
FormVersion: 559
Base: 05ABE9:Starfield.esm
ProjectedDecal:
  WidthScale: 1
  HeightScale: 1
  UnknownFloat: 0.2
  UnknownInt: 2880154369
ConstrainedDecal: 3.2199998, 3.1899986, 0.1
Position: -0.9890423, 2.2355092, -1.4999983
Rotation: 8.290454E-08, -2.9434406E-07, 4.05
