MutagenObjectType: PlacedObject
FormKey: 00085D:BSPF-ShipColorize-Patch.esm
FormVersion: 559
Base: 1F560E:Starfield.esm
ProjectedDecal:
  WidthScale: 1
  HeightScale: 1
  UnknownFloat: 0.40000004
  UnknownInt: 2880154369
ConstrainedDecal: 4, 2, 0.5
Position: 3.7519531, 0.07407634, -0.0018718194
Rotation: 1.5707963, 1.5707964, 0
