MutagenObjectType: PlacedObject
FormKey: 00085A:BSPF-ShipColorize-Patch.esm
FormVersion: 559
Base: 29E425:Starfield.esm
ProjectedDecal:
  WidthScale: 1
  HeightScale: 1
  UnknownFloat: 0.19999999
  UnknownInt: 2880154369
ConstrainedDecal: 2.2415001, 2.3179982, 0.1
Position: -3.7499995, 0.050366957, 0.16716745
Rotation: -1.5707963, -1.5707964, 0
