MutagenObjectType: PlacedObject
FormKey: 000853:BSPF-ShipColorize-Patch.esm
FormVersion: 559
Base: 003316:Starfield.esm
ConstrainedDecal: 6, 1, 0.5
Position: 0.2515099, -3.7709408, -0.06812767
Rotation: 1.5707965, -2.831221E-07, 4.7683707E-07
