MutagenObjectType: PlacedObject
FormKey: 000855:BSPF-ShipColorize-Patch.esm
FormVersion: 559
Base: 05ABE9:Starfield.esm
ProjectedDecal:
  WidthScale: 1
  HeightScale: 1
  UnknownFloat: 0.35000002
  UnknownInt: 2880154369
ConstrainedDecal: 3.2199998, 3.1899986, 0.1
Position: -3.2235954, -0.07146584, 1.504612
Rotation: 3.1415925, -1.1565001E-07, 0
