MutagenObjectType: PlacedObject
FormKey: 000856:BSPF-ShipColorize-Patch.esm
FormVersion: 559
Base: 05ABE9:Starfield.esm
ProjectedDecal:
  WidthScale: 1
  HeightScale: 1
  UnknownFloat: 0.2
  UnknownInt: 2880154369
ConstrainedDecal: 3.2199998, 3.1899986, 0.1
Position: -1.3863316, -2.3631763, 1.4999995
Rotation: 3.1415925, -1.1565001E-07, 0
