MutagenObjectType: PlacedObject
FormKey: 000841:BetterShipPartFlips.esm
Base: 1F5655:Starfield.esm
ProjectedDecal:
  WidthScale: 1
  HeightScale: 1
  UnknownFloat: 1
  UnknownInt: 2880154369
ProjectedDecalReferences:
- 00083F:BetterShipPartFlips.esm
ConstrainedDecal: 2.9989, 2.6788, 1.6002531
Position: 1.9582746, -1.9676178, 1.7499995
Rotation: 3.1415927, -0, 4.712389
