MutagenObjectType: PlacedObject
FormKey: 00431D:BetterShipPartFlips.esm
FormVersion: 559
Base: 1F5606:Starfield.esm
ProjectedDecal:
  WidthScale: 1
  HeightScale: 1
  UnknownFloat: 0.467
  UnknownInt: 2880154369
ProjectedDecalReferences:
- 004319:BetterShipPartFlips.esm
ConstrainedDecal: 1.5, 1.53, 1.4402285
Position: 0.75231266, -0.5660589, 2.742587
Rotation: 2.7099397, 0.36029485, 6.122214
