MutagenObjectType: PlacedObject
FormKey: 00431F:BetterShipPartFlips.esm
FormVersion: 559
Base: 1F5655:Starfield.esm
ProjectedDecal:
  WidthScale: 1
  HeightScale: 1
  UnknownFloat: 0.467
  UnknownInt: 2880154369
ConstrainedDecal: 1.5, 1.53, 1.4402285
Position: 1.7502804, -1.9675748, 0.9341366
Rotation: 2.3633718, 0.61528707, 5.765902
