MutagenObjectType: PlacedObject
FormKey: 002014:BetterShipPartFlips.esm
FormVersion: 559
Base: 1F5648:Starfield.esm
ProjectedDecal:
  WidthScale: 1
  HeightScale: 1
  UnknownFloat: 0.75000024
  UnknownInt: 2880154369
ConstrainedDecal: 1.6675022, 2.1624997, 0.5
Position: 3.1992671, 2.4902234, 1.6610999
Rotation: 3.1415927, 0, 1.5707964
