MutagenObjectType: PlacedObject
FormKey: 00201E:BetterShipPartFlips.esm
FormVersion: 559
Base: 1F560E:Starfield.esm
ProjectedDecal:
  WidthScale: 1
  HeightScale: 1
  UnknownFloat: 0.29999998
  UnknownInt: 2880154369
ConstrainedDecal: 1.4500005, 1.1200002, 0.5
Position: 3.118613, 1.0251023, 1.6600742
Rotation: 3.1415927, 0, 4.6831856
