MutagenObjectType: PlacedObject
FormKey: 00201D:BetterShipPartFlips.esm
FormVersion: 559
Base: 29E425:Starfield.esm
ProjectedDecal:
  WidthScale: 1
  HeightScale: 1
  UnknownFloat: 0.12499995
  UnknownInt: 2880154369
ConstrainedDecal: 1.7300011, 1.5300018, 0.1
Position: 3.9323752, -1.029045, -0.048544884
Rotation: 1.5707964, 1.5707964, -0
