MutagenObjectType: PlacedObject
FormKey: 002017:BetterShipPartFlips.esm
FormVersion: 559
Base: 29E425:Starfield.esm
ProjectedDecal:
  WidthScale: 1
  HeightScale: 1
  UnknownFloat: 0.17499995
  UnknownInt: 2880154369
ConstrainedDecal: 0.9700013, 0.73000246, 0.1
Position: 3.912351, 2.2392716, 0.4210466
Rotation: 1.5707964, 1.5707964, 3.1415927
