MutagenObjectType: PlacedObject
FormKey: 002020:BetterShipPartFlips.esm
FormVersion: 559
Base: 29E425:Starfield.esm
ProjectedDecal:
  WidthScale: 1
  HeightScale: 1
  UnknownFloat: 0.09999995
  UnknownInt: 2880154369
ConstrainedDecal: 1.7300011, 1.5300018, 0.1
Position: 3.8849156, 1.2611843, 0.05403459
Rotation: 1.5707964, 1.5707964, -0
