MutagenObjectType: PlacedObject
FormKey: 002026:BetterShipPartFlips.esm
FormVersion: 559
Base: 1F5648:Starfield.esm
ProjectedDecal:
  WidthScale: 1
  HeightScale: 1
  UnknownFloat: 0.9250001
  UnknownInt: 2880154369
ConstrainedDecal: 2.6375015, 2.0824997, 0.5
Position: 3.0981028, 0.84339446, 1.6414068
Rotation: 3.1415927, 0, 4.682185
