MutagenObjectType: PlacedObject
FormKey: 002028:BetterShipPartFlips.esm
FormVersion: 559
Base: 1F5648:Starfield.esm
ProjectedDecal:
  WidthScale: 1
  HeightScale: 1
  UnknownFloat: 0.9250001
  UnknownInt: 2880154369
ConstrainedDecal: 2.6375015, 2.0824997, 0.5
Position: 0.68709373, -0.7090944, 0.17827332
Rotation: -1.5707964, -1.076855, 1.5707964
