MutagenObjectType: PlacedObject
FormKey: 002021:BetterShipPartFlips.esm
FormVersion: 559
Base: 1F5648:Starfield.esm
ProjectedDecal:
  WidthScale: 1
  HeightScale: 1
  UnknownFloat: 0.975
  UnknownInt: 2880154369
ConstrainedDecal: 1.6675022, 2.1624997, 0.5
Position: 3.9154623, 2.9427724, 0.11432123
Rotation: 1.5707964, 1.5707964, 3.1415927
