MutagenObjectType: PlacedObject
FormKey: 002013:BetterShipPartFlips.esm
FormVersion: 559
Base: 1E867E:Starfield.esm
ProjectedDecal:
  WidthScale: 1
  HeightScale: 1
  UnknownFloat: 0.29999998
  UnknownInt: 2880154369
ConstrainedDecal: 2.5399995, 2.7400012, 0.1
Position: 3.9154608, 2.6156888, -0.20272028
Rotation: 1.5707964, 1.5707964, 3.1415927
