MutagenObjectType: PlacedObject
FormKey: 00200E:BetterShipPartFlips.esm
FormVersion: 559
Base: 1E867E:Starfield.esm
ProjectedDecal:
  WidthScale: 1
  HeightScale: 1
  UnknownFloat: 0.19999996
  UnknownInt: 2880154369
ConstrainedDecal: 8, 8, 0.1
Position: 1.112436, 1.8799006, 1.6648022
Rotation: 3.1415927, 0, 1.5707964
