MutagenObjectType: PlacedObject
FormKey: 002024:BetterShipPartFlips.esm
FormVersion: 559
Base: 1F560E:Starfield.esm
ProjectedDecal:
  WidthScale: 1
  HeightScale: 1
  UnknownFloat: 0.45000002
  UnknownInt: 2880154369
ConstrainedDecal: 2.3500001, 0.9900005, 0.5
Position: 0.59327316, 0.8650359, -0.007479191
Rotation: -0.6749789, -1.5707964, 0.67497903
