MutagenObjectType: PlacedObject
FormKey: 002012:BetterShipPartFlips.esm
FormVersion: 559
Base: 1F560E:Starfield.esm
ProjectedDecal:
  WidthScale: 1
  HeightScale: 1
  UnknownFloat: 0.45000002
  UnknownInt: 2880154369
ConstrainedDecal: 2.3500001, 0.9900005, 0.5
Position: 3.9906228, 1.1323868, -0.2401284
Rotation: 2.4666138, 1.5707964, 5.6082067
