MutagenObjectType: PlacedObject
FormKey: 002352:BetterShipPartFlips.esm
FormVersion: 559
Base: 099C9B:Starfield.esm
ProjectedDecal:
  WidthScale: 1
  HeightScale: 1
  UnknownFloat: 0.81500006
  UnknownInt: 2880154369
ConstrainedDecal: 5.0023766, 6.4955773, 1.7561407
Layer: 252951:Starfield.esm
Position: -1.9885702, -3.3495429, 0.25527215
Rotation: 1.5707964, -0, 0
