MutagenObjectType: PlacedObject
FormKey: 00234B:BetterShipPartFlips.esm
FormVersion: 559
Base: 1F560E:Starfield.esm
ProjectedDecal:
  WidthScale: 1
  HeightScale: 1
  UnknownFloat: 0.4
  UnknownInt: 2880154369
ProjectedDecalReferences:
- 00235D:BetterShipPartFlips.esm
ConstrainedDecal: 2.8107905, 4.552397, 1.8387899
Layer: 252951:Starfield.esm
Position: 1.9094566, 0.6229477, -0.93018097
Rotation: 0, -0.09622695, 3.1415927
