MutagenObjectType: PlacedObject
FormKey: 002D11:BetterShipPartFlips.esp
FormVersion: 559
Base: 1F5634:Starfield.esm
ProjectedDecal:
  WidthScale: 1
  HeightScale: 1
  UnknownFloat: 0.2
  UnknownInt: 2880154369
ProjectedDecalReferences:
- 002CF0:BetterShipPartFlips.esp
ConstrainedDecal: 5.110002, 6.750006, 0.5
Position: -0.29711908, -0.80719733, -2.9128683
Rotation: 3.1415927, -1.5707964, 0
