MutagenObjectType: PlacedObject
FormKey: 000948:BetterShipPartFlips.esm
Base: 1F563C:Starfield.esm
ProjectedDecal:
  WidthScale: 1
  HeightScale: 1
  UnknownFloat: 0.68500006
  UnknownInt: 2880154369
ProjectedDecalReferences:
- 00094E:BetterShipPartFlips.esm
ConstrainedDecal: 2, 1, 0.75
Position: 0.094879, 4, -0.63102967
Rotation: -1.5707963, 3.3750783E-14, 3.1415927
