MutagenObjectType: PlacedObject
FormKey: 000B15:BetterShipPartFlips.esm
FormVersion: 559
Base: 099C92:Starfield.esm
ProjectedDecal:
  WidthScale: 1
  HeightScale: 1
  UnknownFloat: 0.6
  UnknownInt: 2880154369
ConstrainedDecal: 4, 2, 0.5
Position: 1.2499995, -3.246047, -0.48290315
Rotation: 2.3434405, 1.5707964, 0.7826603
