MutagenObjectType: PlacedObject
FormKey: 001562:BetterShipPartFlips.esp
FormVersion: 559
Base: 1F564D:Starfield.esm
ProjectedDecal:
  WidthScale: 1
  HeightScale: 1
  UnknownFloat: 0.4
  UnknownInt: 2880154369
ProjectedDecalReferences:
- 001575:BetterShipPartFlips.esp
ConstrainedDecal: 4.7743006, 4.223094, 0.75
Position: 1.538, -3.368, -1.384
Rotation: 1.5717039, 1.3723716, 0.00055326935
