MutagenObjectType: PlacedObject
FormKey: 000DF6:BetterShipPartFlips.esm
Base: 1F563E:Starfield.esm
ProjectedDecal:
  WidthScale: 1
  HeightScale: 1
  UnknownFloat: 0.565
  UnknownInt: 2880154369
ProjectedDecalReferences:
- 000DF4:BetterShipPartFlips.esm
ConstrainedDecal: 3.9987, 2.0815, 1.1336648
Position: 2.000001, -1.807708, 0.70598793
Rotation: -1.5707964, 1.5707964, 3.1415927
