MutagenObjectType: PlacedObject
FormKey: 000DF9:BetterShipPartFlips.esm
FormVersion: 559
Base: 1F5606:Starfield.esm
ProjectedDecal:
  WidthScale: 1
  HeightScale: 1
  UnknownFloat: 0.8
  UnknownInt: 2880154369
ConstrainedDecal: 3.5012, 2.0252, 1.1336646
Position: 0.3472252, -4, -0.6700792
Rotation: 1.5707964, -0, 3.1415932
