MutagenObjectType: PlacedObject
FormKey: 000DFD:BetterShipPartFlips.esm
Base: 1F5655:Starfield.esm
ProjectedDecal:
  WidthScale: 1
  HeightScale: 1
  UnknownFloat: 0.8
  UnknownInt: 2880154369
ProjectedDecalReferences:
- 000DF4:BetterShipPartFlips.esm
ConstrainedDecal: 2.8062, 2.0252, 1.1336646
Position: 2.7532504, -1.4076638, 0.0800786
Rotation: -3.1415927, -0, 1.5707964
