MutagenObjectType: PlacedObject
FormKey: 000E2F:BetterShipPartFlips.esp
FormVersion: 559
Base: 1F5606:Starfield.esm
ProjectedDecal:
  WidthScale: 1
  HeightScale: 1
  UnknownFloat: 0.45000002
  UnknownInt: 2880154369
ProjectedDecalReferences:
- 000E2C:BetterShipPartFlips.esp
ConstrainedDecal: 3.5876, 3.4717999, 2.7765093
Position: -1.91076, 2.3148699, 0.80863094
Rotation: -1.5707964, -0, 1.5707964
