MutagenObjectType: PlacedObject
FormKey: 0016A2:BetterShipPartFlips.esp
FormVersion: 559
Base: 1F564D:Starfield.esm
ProjectedDecal:
  WidthScale: 1
  HeightScale: 1
  UnknownFloat: 0.4
  UnknownInt: 2880154369
ProjectedDecalReferences:
- 0016AF:BetterShipPartFlips.esp
ConstrainedDecal: 4.7743006, 4.223094, 0.75
Position: 1.384, 1.6622, 3.5738
Rotation: 0.004589882, 4.513409, 1.5752954
