MutagenObjectType: PlacedObject
FormKey: 00086C:BetterShipPartFlips.esm
FormVersion: 559
Base: 1F5655:Starfield.esm
ProjectedDecal:
  WidthScale: 1
  HeightScale: 1
  UnknownFloat: 1
  UnknownInt: 2880154369
ProjectedDecalReferences:
- 00086B:BetterShipPartFlips.esm
ConstrainedDecal: 4.5039, 4.5355, 1.6002531
Position: -0.5948073, 0.9488764, 1.7500002
Rotation: 3.1415925, 4.5856453E-14, 1.5707964
