MutagenObjectType: PlacedObject
FormKey: 000B7D:BetterShipPartFlips.esp
FormVersion: 559
Base: 099C88:Starfield.esm
ProjectedDecal:
  WidthScale: 1
  HeightScale: 1
  UnknownFloat: 0.45700002
  UnknownInt: 2880154369
ConstrainedDecal: 5, 2.5, 0.5
Position: 1.2500019, -2.4770627, -0.5084464
Rotation: 1.2753675, 1.5707964, 2.8617795
