MutagenObjectType: PlacedObject
FormKey: 000918:BetterShipPartFlips.esm
Base: 1F5602:Starfield.esm
ProjectedDecal:
  WidthScale: 1
  HeightScale: 1
  UnknownFloat: 0.526
  UnknownInt: 2880154369
ProjectedDecalReferences:
- 000915:BetterShipPartFlips.esm
ConstrainedDecal: 4.5039, 4.5355, 1.6002531
Position: 4.0273166, -5.4670343, 0.4769725
Rotation: -3.1099298, 0.9940157, 6.2793612
