MutagenObjectType: PlacedObject
FormKey: 0042D0:BetterShipPartFlips.esp
FormVersion: 559
Base: 001E1F:Starfield.esm
LinkedReferences:
- Reference: 00B108:Starfield.esm
IsLinkedRefTransient: True
Scale: 0.26999998
Position: -0.3617029, 1.9692117, -2.2489963
Rotation: 5.3369902E-08, -0.79033774, 2.3985396E-07
