MutagenObjectType: PlacedObject
FormKey: 003676:BetterShipPartFlips.esp
FormVersion: 559
Base: 1F5634:Starfield.esm
ReferenceGroup: 29DE94:Starfield.esm
ProjectedDecal:
  WidthScale: 1
  HeightScale: 1
  UnknownFloat: 0.4
  UnknownInt: 2880154369
ProjectedDecalReferences:
- 003661:BetterShipPartFlips.esp
- 003664:BetterShipPartFlips.esp
- 003666:BetterShipPartFlips.esp
- 003665:BetterShipPartFlips.esp
ConstrainedDecal: 5.110002, 6.750006, 2.3377857
Position: -3.0880158, 0.14022827, -0.05566156
Rotation: 1.6427766, -1.5698829, 4.669613
