MutagenObjectType: PlacedObject
FormKey: 000D98:BetterShipPartFlips.esp
FormVersion: 559
Base: 1F563E:Starfield.esm
ProjectedDecal:
  WidthScale: 1
  HeightScale: 1
  UnknownFloat: 0.4
  UnknownInt: 2880154369
ProjectedDecalReferences:
- 000D96:BetterShipPartFlips.esp
ConstrainedDecal: 2.8062, 1.4865, 1.1336646
Position: -0.7460619, -1.1332654, 0.0907985
Rotation: 3.1415927, -0.3018102, 4.712389
