MutagenObjectType: PlacedObject
FormKey: 001019:BetterShipPartFlips.esp
FormVersion: 559
Base: 1F563B:Starfield.esm
ProjectedDecal:
  WidthScale: 1
  HeightScale: 1
  UnknownFloat: 0.8
  UnknownInt: 2880154369
ProjectedDecalReferences:
- 001000:BetterShipPartFlips.esp
ConstrainedDecal: 4.2033, 1.4419, 0.40431696
Position: -0.03610027, 1.1872969, 0.9208304
Rotation: -2.6960862, -0, 3.1415927
