MutagenObjectType: PlacedObject
FormKey: 001741:BetterShipPartFlips.esm
Base: 1F564D:Starfield.esm
ProjectedDecal:
  WidthScale: 1
  HeightScale: 1
  UnknownFloat: 0.4
  UnknownInt: 2880154369
ProjectedDecalReferences:
- 001751:BetterShipPartFlips.esm
ConstrainedDecal: 4.7743006, 4.223094, 0.75
Position: -1.384, 1.5375, -3.3676
Rotation: 0.00457592, 1.3718755, 4.7079034
