MutagenObjectType: PlacedObject
FormKey: 001749:BetterShipPartFlips.esm
FormVersion: 559
Base: 1F563E:Starfield.esm
ProjectedDecal:
  WidthScale: 1
  HeightScale: 1
  UnknownFloat: 0.57600003
  UnknownInt: 2880154369
ProjectedDecalReferences:
- 001751:BetterShipPartFlips.esm
ConstrainedDecal: 4, 3.3318, 0.75
Position: -1.7479, -4.8736, 1.8253
Rotation: 0.00030684436, 4.711818, 0.0002597205
