MutagenObjectType: PlacedObject
FormKey: 0017BE:BetterShipPartFlips.esm
Base: 1F564E:Starfield.esm
ProjectedDecal:
  WidthScale: 1
  HeightScale: 1
  UnknownFloat: 0.4
  UnknownInt: 2880154369
ProjectedDecalReferences:
- 00183A:BetterShipPartFlips.esm
ConstrainedDecal: 8, 5.1641, 0.97489405
Position: 4.5766, -3.6179, 0.6611
Rotation: 0.13177235, 3.1417742, 2.4434608E-05
