MutagenObjectType: PlacedObject
FormKey: 001987:BetterShipPartFlips.esp
MajorRecordFlagsRaw: 256
FormVersion: 559
StarfieldMajorRecordFlags:
- 0x100
Base: 0B6A20:Starfield.esm
LightArea:
  Data: 0x00000000000000000000000000000000
LightRoundedness:
  Data: 0x0000000000000000000000000000000001000000
Position: -2.6183, 3.3768, -1.8626
Rotation: 0, 4.7116175, 6.2830315
