MutagenObjectType: PlacedObject
FormKey: 000A65:BetterShipPartFlips.esm
FormVersion: 559
Base: 1F563D:Starfield.esm
ProjectedDecal:
  WidthScale: 1
  HeightScale: 1
  UnknownFloat: 0.48900002
  UnknownInt: 2880154369
ProjectedDecalReferences:
- 000A68:BetterShipPartFlips.esm
ConstrainedDecal: 2.5, 1.5, 0.75
Position: -0.011581303, -1.9428583, -0.64188856
Rotation: 2.809733, 1.5940252E-07, 6.275982
