MutagenObjectType: PlacedObject
FormKey: 004344:BetterShipPartFlips.esp
FormVersion: 559
Base: 1F5654:Starfield.esm
ProjectedDecal:
  WidthScale: 1
  HeightScale: 1
  UnknownFloat: 1
  UnknownInt: 2880154369
ProjectedDecalReferences:
- 004338:BetterShipPartFlips.esp
ConstrainedDecal: 2.1852703, 2.8346002, 1.4402286
Position: -2.5488787, 2.5955324, -1.4862528
Rotation: 0, -0.29706421, 3.1415927
