MutagenObjectType: PlacedObject
FormKey: 004349:BetterShipPartFlips.esp
FormVersion: 559
Base: 1F55FE:Starfield.esm
ProjectedDecal:
  WidthScale: 1
  HeightScale: 1
  UnknownFloat: 1
  UnknownInt: 2880154369
ProjectedDecalReferences:
- 004338:BetterShipPartFlips.esp
ConstrainedDecal: 3, 2.8346, 1.4402287
Position: 1.9320781, 3.5329554, 1.2250574
Rotation: -2.2998834, -0.07350914, 3.1956286
