MutagenObjectType: PlacedObject
FormKey: 000C2F:BetterShipPartFlips.esm
FormVersion: 559
Base: 099C8C:Starfield.esm
ProjectedDecal:
  WidthScale: 1
  HeightScale: 1
  UnknownFloat: 0.42400002
  UnknownInt: 2880154369
ConstrainedDecal: 3, 1.5, 0.5
Position: -1.0136719, -2.7231457, -0.8124822
Rotation: 3.0672653, -1.5707964, 1.6333326
