MutagenObjectType: PlacedObject
FormKey: 000B77:BetterShipPartFlips.esp
FormVersion: 559
Base: 099C9B:Starfield.esm
ProjectedDecal:
  WidthScale: 1
  HeightScale: 1
  UnknownFloat: 0.6
  UnknownInt: 2880154369
ConstrainedDecal: 5, 2.5, 0.5
Position: 1.2499999, 2.5444586, -0.6988048
Rotation: 1.5707964, 1.5707964, 0
