MutagenObjectType: PlacedObject
FormKey: 000B75:BetterShipPartFlips.esp
FormVersion: 559
Base: 099C92:Starfield.esm
ProjectedDecal:
  WidthScale: 1
  HeightScale: 1
  UnknownFloat: 0.6
  UnknownInt: 2880154369
ConstrainedDecal: 5, 2.5, 0.5
Position: -1.2500002, 3.2186193, -0.4833357
Rotation: 1.5707964, -1.5707964, 0
