MutagenObjectType: PlacedObject
FormKey: 000E1B:BetterShipPartFlips.esm
Base: 1F5650:Starfield.esm
ProjectedDecal:
  WidthScale: 1
  HeightScale: 1
  UnknownFloat: 0.45000002
  UnknownInt: 2880154369
ProjectedDecalReferences:
- 000E1A:BetterShipPartFlips.esm
ConstrainedDecal: 2.0904, 1.9897, 0.75
Position: -0.7415763, 3.8222651, 0.6318493
Rotation: -1.5707964, -0, 1.5707964
