MutagenObjectType: PlacedObject
FormKey: 003799:BetterShipPartFlips.esp
FormVersion: 559
Base: 1F568E:Starfield.esm
ProjectedDecal:
  WidthScale: 1
  HeightScale: 1
  UnknownFloat: 0.8
  UnknownInt: 2880154369
ProjectedDecalReferences:
- 00378B:BetterShipPartFlips.esp
ConstrainedDecal: 6, 6.419999, 3.9820993
Position: 2.3839512, -1.9269843, 1.5732578
Rotation: 0, 1.570308, 3.1415927
