MutagenObjectType: PlacedObject
FormKey: 001589:BetterShipPartFlips.esm
Base: 1F5655:Starfield.esm
ProjectedDecal:
  WidthScale: 1
  HeightScale: 1
  UnknownFloat: 0.6
  UnknownInt: 2880154369
ProjectedDecalReferences:
- 237D1B:Starfield.esm
ConstrainedDecal: 3.0142, 2.678, 1.1505115
Position: -1.7934871, 0.79323876, 1.5497442
Rotation: 3.1415927, -0, 3.1415927
