MutagenObjectType: PlacedObject
FormKey: 00158F:BetterShipPartFlips.esm
FormVersion: 559
Base: 1F5606:Starfield.esm
ProjectedDecal:
  WidthScale: 1
  HeightScale: 1
  UnknownFloat: 0.6
  UnknownInt: 2880154369
ConstrainedDecal: 3.0142, 2.678, 0.75
Position: -2.1675742, 2.6983562, -1.7185135
Rotation: -0, 0, 3.1415927
