MutagenObjectType: PlacedObject
FormKey: 001713:BetterShipPartFlips.esp
FormVersion: 559
Base: 1F564D:Starfield.esm
ProjectedDecal:
  WidthScale: 1
  HeightScale: 1
  UnknownFloat: 0.30400002
  UnknownInt: 2880154369
ProjectedDecalReferences:
- 001750:BetterShipPartFlips.esp
ConstrainedDecal: 4.7743, 4.3728, 0.75
Position: -1.2702, 2.1541, -2.5877
Rotation: 0.16688804, 1.3877912, 1.4071661
