MutagenObjectType: PlacedObject
FormKey: 001714:BetterShipPartFlips.esp
FormVersion: 559
Base: 1F564D:Starfield.esm
ProjectedDecal:
  WidthScale: 1
  HeightScale: 1
  UnknownFloat: 0.30400002
  UnknownInt: 2880154369
ProjectedDecalReferences:
- 001750:BetterShipPartFlips.esp
ConstrainedDecal: 4.7743, 4.3728, 1.2370362
Position: -0.8336, -4.7685, -3.4999
Rotation: 5.190726, 5.4760575, 0.20646513
