MutagenObjectType: PlacedObject
FormKey: 000DC7:BetterShipPartFlips.esp
FormVersion: 559
Base: 1F5688:Starfield.esm
ConstrainedDecal: 4, 2, 0.75
Position: 2.167338, 0.90859646, -0.13972461
Rotation: -2.9705927, 0, 3.1415927
