MutagenObjectType: PlacedObject
FormKey: 0042D6:BetterShipPartFlips.esm
FormVersion: 559
Base: 1F563F:Starfield.esm
ProjectedDecal:
  WidthScale: 1
  HeightScale: 1
  UnknownFloat: 0.45000002
  UnknownInt: 2880154369
ProjectedDecalReferences:
- 0042C6:BetterShipPartFlips.esm
ConstrainedDecal: 2.2276, 1.5471365, 3.2414885
Position: -0.8, 1.2, 2.5
Rotation: -2.7799947, -0.31161013, 6.2169585
