MutagenObjectType: PlacedObject
FormKey: 0042CC:BetterShipPartFlips.esm
FormVersion: 559
Base: 001E1F:Starfield.esm
LinkedReferences:
- Reference: 00B104:Starfield.esm
IsLinkedRefTransient: True
Scale: 0.26999998
Position: 0.3614954, 1.9692115, 2.249797
Rotation: 3.1415927, 0.7903377, 3.1415927
