MutagenObjectType: PlacedObject
FormKey: 0042D1:BetterShipPartFlips.esm
FormVersion: 559
Base: 1F5606:Starfield.esm
ProjectedDecal:
  WidthScale: 1
  HeightScale: 1
  UnknownFloat: 0.59800005
  UnknownInt: 2880154369
ConstrainedDecal: 2, 2, 3.2414885
Position: -1.8000001, 0, 1.2
Rotation: 3.0470278, -0.9516516, 0.077088
