MutagenObjectType: PlacedObject
FormKey: 0042D2:BetterShipPartFlips.esm
FormVersion: 559
Base: 1F5606:Starfield.esm
ProjectedDecal:
  WidthScale: 1
  HeightScale: 1
  UnknownFloat: 0.59800005
  UnknownInt: 2880154369
ProjectedDecalReferences:
- 0042C6:BetterShipPartFlips.esm
ConstrainedDecal: 2, 2, 3.2414885
Position: 2.3149505, -0.026973689, -1.609664
Rotation: 0.0945649, 0.9516516, 3.2186809
