MutagenObjectType: PlacedObject
FormKey: 00427E:BetterShipPartFlips.esp
FormVersion: 559
Base: 001E1F:Starfield.esm
LinkedReferences:
- Reference: 00B142:Starfield.esm
IsLinkedRefTransient: True
Scale: 0.19999999
Position: -3.2866745, 3.2623022, -0.0050148163
Rotation: -1.5707961, -0.7853981, 3.1415925
