MutagenObjectType: PlacedObject
FormKey: 004278:BetterShipPartFlips.esp
FormVersion: 559
Base: 001E1F:Starfield.esm
LinkedReferences:
- Reference: 00B13E:Starfield.esm
IsLinkedRefTransient: True
Scale: 0.19999999
Position: 3.2596655, 3.2902164, -0.0050148475
Rotation: -1.5707961, 0.7853979, 3.141593
