MutagenObjectType: PlacedObject
FormKey: 001FF5:BetterShipPartFlips.esp
FormVersion: 559
Base: 1F5648:Starfield.esm
ProjectedDecal:
  WidthScale: 1
  HeightScale: 1
  UnknownFloat: 0.9250001
  UnknownInt: 2880154369
ConstrainedDecal: 2.6375015, 2.0824997, 0.5
Position: 3.1090353, 0.8344428, 1.6590178
Rotation: 3.1415927, 2.3830982E-07, 4.6821856
