MutagenObjectType: PlacedObject
FormKey: 001FEC:BetterShipPartFlips.esp
FormVersion: 559
Base: 29E425:Starfield.esm
ProjectedDecal:
  WidthScale: 1
  HeightScale: 1
  UnknownFloat: 0.22499996
  UnknownInt: 2880154369
ConstrainedDecal: 0.9600013, 0.9600023, 0.1
Position: 3.885067, -2.2844234, 0.4938531
Rotation: -1.5707963, 1.5707964, 0
