MutagenObjectType: PlacedObject
FormKey: 001FFB:BetterShipPartFlips.esp
FormVersion: 559
Base: 29E425:Starfield.esm
ProjectedDecal:
  WidthScale: 1
  HeightScale: 1
  UnknownFloat: 0.325
  UnknownInt: 2880154369
ConstrainedDecal: 0.9600013, 0.9600023, 0.1
Position: 3.8841417, 2.2765536, -0.46036464
Rotation: -1.5707963, 1.5707964, 0
