MutagenObjectType: PlacedObject
FormKey: 001FEE:BetterShipPartFlips.esp
FormVersion: 559
Base: 29E425:Starfield.esm
ProjectedDecal:
  WidthScale: 1
  HeightScale: 1
  UnknownFloat: 0.17499995
  UnknownInt: 2880154369
ConstrainedDecal: 0.9700013, 0.73000246, 0.1
Position: 3.9168112, 2.2361894, 0.4386574
Rotation: -1.5707963, 1.5707964, 0
