MutagenObjectType: PlacedObject
FormKey: 002005:BetterShipPartFlips.esp
FormVersion: 559
Base: 1F5648:Starfield.esm
ProjectedDecal:
  WidthScale: 1
  HeightScale: 1
  UnknownFloat: 0.975
  UnknownInt: 2880154369
ConstrainedDecal: 1.6675022, 2.1624997, 0.5
Position: 3.0905945, -3.9207318, 0.35273635
Rotation: 1.5623051, 0, 3.1415927
