MutagenObjectType: PlacedObject
FormKey: 002006:BetterShipPartFlips.esp
FormVersion: 559
Base: 29E425:Starfield.esm
ProjectedDecal:
  WidthScale: 1
  HeightScale: 1
  UnknownFloat: 0.27499998
  UnknownInt: 2880154369
ConstrainedDecal: 1.7300011, 1.5300018, 0.1
Position: 3.9368372, -1.0321288, -0.030933931
Rotation: 1.5707964, 1.5707964, 0
