MutagenObjectType: PlacedObject
FormKey: 002326:BetterShipPartFlips.esp
FormVersion: 559
Base: 1F5688:Starfield.esm
ProjectedDecal:
  WidthScale: 1
  HeightScale: 1
  UnknownFloat: 0.6
  UnknownInt: 2880154369
ProjectedDecalReferences:
- 002318:BetterShipPartFlips.esp
ConstrainedDecal: 2.930001, 0.8200009, 0.75
Position: 0.86260617, -1.2450004, -0.010773167
Rotation: -3.1415927, -0.9156809, 3.1415927
