MutagenObjectType: PlacedObject
FormKey: 002320:BetterShipPartFlips.esp
FormVersion: 559
Base: 1F5688:Starfield.esm
ProjectedDecal:
  WidthScale: 1
  HeightScale: 1
  UnknownFloat: 0.6
  UnknownInt: 2880154369
ProjectedDecalReferences:
- 002318:BetterShipPartFlips.esp
ConstrainedDecal: 2.930001, 0.8200009, 0.75
Position: 1.2865632, 1.4812646, 0.45238453
Rotation: 3.1415927, -0.7435868, 0
