MutagenObjectType: PlacedObject
FormKey: 001869:BetterShipPartFlips.esp
FormVersion: 559
Base: 1F564F:Starfield.esm
ProjectedDecal:
  WidthScale: 1
  HeightScale: 1
  UnknownFloat: 0.4
  UnknownInt: 2880154369
ProjectedDecalReferences:
- 0018D7:BetterShipPartFlips.esp
ConstrainedDecal: 3.1669, 3.0297, 0.7506534
Position: -3.9286, 5.8517, 0.3547
Rotation: 2.3725202, 4.8434124, 5.455171
