MutagenObjectType: PlacedObject
FormKey: 00186A:BetterShipPartFlips.esp
FormVersion: 559
Base: 1F5655:Starfield.esm
ProjectedDecal:
  WidthScale: 1
  HeightScale: 1
  UnknownFloat: 0.6
  UnknownInt: 2880154369
ProjectedDecalReferences:
- 0018D7:BetterShipPartFlips.esp
ConstrainedDecal: 4.5928, 3.51, 0.5000001
Position: -0.6116, 0.2212, -1.7512
Rotation: 0.0010255995, 6.283028, 1.5107988
