MutagenObjectType: PlacedObject
FormKey: 00186C:BetterShipPartFlips.esp
FormVersion: 559
Base: 1F5655:Starfield.esm
ProjectedDecal:
  WidthScale: 1
  HeightScale: 1
  UnknownFloat: 0.8
  UnknownInt: 2880154369
ProjectedDecalReferences:
- 0018D7:BetterShipPartFlips.esp
ConstrainedDecal: 3.2007, 3.51, 1.2586458
Position: -0.2871, -6.5433, -0.1365
Rotation: 4.7137136, 0.0011309733, 0.70667857
