MutagenObjectType: PlacedObject
FormKey: 001569:BetterShipPartFlips.esm
Base: 1F55FE:Starfield.esm
ProjectedDecal:
  WidthScale: 1
  HeightScale: 1
  UnknownFloat: 0.4
  UnknownInt: 2880154369
ProjectedDecalReferences:
- 001575:BetterShipPartFlips.esm
ConstrainedDecal: 3.3842, 3.3318, 0.7499999
Position: -1.3379999, -0.143, -1.75
Rotation: 6.282889, 6.2802186, 1.5707963
