MutagenObjectType: PlacedObject
FormKey: 000E64:BetterShipPartFlips.esm
Base: 1F563C:Starfield.esm
ProjectedDecal:
  WidthScale: 1
  HeightScale: 1
  UnknownFloat: 0.45000002
  UnknownInt: 2880154369
ProjectedDecalReferences:
- 000E61:BetterShipPartFlips.esm
ConstrainedDecal: 4, 2.7247, 0.75
Position: -1.7426648, -2.4866815, 0.49594033
Rotation: -0.00015535628, -0.7236391, 0.000103118866
