MutagenObjectType: PlacedObject
FormKey: 0023A3:BetterShipPartFlips.esp
FormVersion: 559
Base: 1F563C:Starfield.esm
ProjectedDecal:
  WidthScale: 1
  HeightScale: 1
  UnknownFloat: 0.6
  UnknownInt: 2880154369
ProjectedDecalReferences:
- 00239F:BetterShipPartFlips.esp
ConstrainedDecal: 3, 3, 1.6002531
Position: 1.4829724, -0.38938248, 0.6031763
Rotation: -2.282869, 1.557168, 2.372894
