MutagenObjectType: PlacedObject
FormKey: 001939:BetterShipPartFlips.esp
FormVersion: 559
Base: 1F5605:Starfield.esm
ProjectedDecal:
  WidthScale: 1
  HeightScale: 1
  UnknownFloat: 0.467
  UnknownInt: 2880154369
ProjectedDecalReferences:
- 001975:BetterShipPartFlips.esp
ConstrainedDecal: 4.0488, 3.51, 0.75065345
Position: 1.5861, 6.0966, -0.3197
Rotation: 3.4906585E-05, 1.5699505, 1.5707265
