MutagenObjectType: PlacedObject
FormKey: 000BC0:BetterShipPartFlips.esp
FormVersion: 559
Base: 099C88:Starfield.esm
ProjectedDecal:
  WidthScale: 1
  HeightScale: 1
  UnknownFloat: 0.522
  UnknownInt: 2880154369
ConstrainedDecal: 3.99, 2.61, 0.5
Position: -1.2500005, 2.84556, -0.38803765
Rotation: -2.3471503, -1.5707964, 0.7987564
