MutagenObjectType: PlacedObject
FormKey: 004280:BetterShipPartFlips.esm
FormVersion: 559
XALG: 0x0008000000000000
Base: 1F5655:Starfield.esm
ProjectedDecal:
  WidthScale: 1
  HeightScale: 1
  UnknownFloat: 0.46100003
  UnknownInt: 1
ProjectedDecalReferences:
- 004270:BetterShipPartFlips.esm
ConstrainedDecal: 3.0000002, 3, 2.478293
Position: 2.6000004, 0, 0.9309551
Rotation: 3.1415927, -0, 1.5707964
