MutagenObjectType: PlacedObject
FormKey: 004273:BetterShipPartFlips.esm
FormVersion: 559
Base: 099C9B:Starfield.esm
ProjectedDecal:
  WidthScale: 1
  HeightScale: 1
  UnknownFloat: 0.8
  UnknownInt: 2880154369
ConstrainedDecal: 9.935174, 14.292054, 10.765161
Position: -0.17322206, 0.7927146, 0.32786322
Rotation: 3.0932453, 0.9391798, 3.0817125
