MutagenObjectType: PlacedObject
FormKey: 00427D:BetterShipPartFlips.esm
FormVersion: 559
Base: 001E1F:Starfield.esm
LinkedReferences:
- Reference: 00B13B:Starfield.esm
IsLinkedRefTransient: True
Scale: 0.19999999
Position: 3.279415, -3.2791803, -0.0050148363
Rotation: 1.5707961, 0.78539824, 0
