MutagenObjectType: PlacedObject
FormKey: 000C61:BetterShipPartFlips.esp
FormVersion: 559
Base: 099C88:Starfield.esm
ProjectedDecal:
  WidthScale: 1
  HeightScale: 1
  UnknownFloat: 0.4
  UnknownInt: 2880154369
ConstrainedDecal: 4, 2, 0.5
Position: 1.2499994, -2.7106252, -0.8207407
Rotation: -0.60983163, 1.5707964, 0.94736755
