MutagenObjectType: PlacedObject
FormKey: 000F8A:BetterShipPartFlips.esm
FormVersion: 559
Base: 1F564E:Starfield.esm
ProjectedDecal:
  WidthScale: 1
  HeightScale: 1
  UnknownFloat: 0.86300004
  UnknownInt: 2880154369
ProjectedDecalReferences:
- 000F7E:BetterShipPartFlips.esm
ConstrainedDecal: 2.8062, 2.0252, 0.64599264
Position: 1.6138973, 2.9490788, -1.1119741
Rotation: 0.4362243, -0.004898711, 0.025742216
