MutagenObjectType: PlacedObject
FormKey: 000F8B:BetterShipPartFlips.esm
Base: 1F564E:Starfield.esm
ProjectedDecal:
  WidthScale: 1
  HeightScale: 1
  UnknownFloat: 0.86300004
  UnknownInt: 2880154369
ProjectedDecalReferences:
- 000F7E:BetterShipPartFlips.esm
ConstrainedDecal: 2.8062, 2.0252, 0.64599264
Position: -1.1004739, 2.9179537, 1.1628188
Rotation: 2.737565, 0, 3.1123896
