MutagenObjectType: PlacedObject
FormKey: 002389:BetterShipPartFlips.esm
FormVersion: 559
Base: 09811C:Starfield.esm
Scale: 0.64
Position: 2.2120063, -0.87876785, 1.4119359
Rotation: -0.35403746, -0.00071723474, 1.5707964
