MutagenObjectType: PlacedObject
FormKey: 00238B:BetterShipPartFlips.esm
FormVersion: 559
Base: 09811C:Starfield.esm
Scale: 0.64
Position: 2.8297942, 1.6003485, -0.6203426
Rotation: 2.0280738, -0.4191061, 6.0855675
