MutagenObjectType: PlacedObject
FormKey: 002388:BetterShipPartFlips.esm
FormVersion: 559
Base: 09811C:Starfield.esm
Scale: 0.64
Position: 3.2844377, -0.0056242826, 1.0572637
Rotation: 0, -0.7853982, 3.1415927
