MutagenObjectType: PlacedObject
FormKey: 002386:BetterShipPartFlips.esm
FormVersion: 559
Base: 09811C:Starfield.esm
Scale: 0.64
Position: 3.2830052, 0.0016899109, -1.080786
Rotation: 3.138878, -0.8015694, 3.143543
