MutagenObjectType: PlacedObject
FormKey: 002390:BetterShipPartFlips.esm
FormVersion: 559
Base: 09811C:Starfield.esm
Scale: 0.64
Position: 1.1404876, -0.0061266306, 1.0580204
Rotation: -0.0026282212, 0.769223, 3.1397638
