MutagenObjectType: PlacedObject
FormKey: 002395:BetterShipPartFlips.esm
FormVersion: 559
Base: 1F5607:Starfield.esm
ProjectedDecal:
  WidthScale: 1
  HeightScale: 1
  UnknownFloat: 0.261
  UnknownInt: 1
ConstrainedDecal: 1.9367, 1.0241, 1.3402032
Position: 1.6370211, -0.70104146, -1.3084564
Rotation: 0.20028694, -0.43692958, 3.0559042
