MutagenObjectType: PlacedObject
FormKey: 002394:BetterShipPartFlips.esm
FormVersion: 559
Base: 09811C:Starfield.esm
Scale: 0.64
Position: 2.2114341, 0.8771049, 1.4099525
Rotation: 0.35471275, 0.00015807454, 1.5707964
