MutagenObjectType: PlacedObject
FormKey: 002383:BetterShipPartFlips.esm
FormVersion: 559
Base: 09811C:Starfield.esm
Scale: 0.64
Position: 2.823091, -1.6072062, -0.6253123
Rotation: -2.0202317, -0.42240828, 3.336811
