MutagenObjectType: PlacedObject
FormKey: 00238E:BetterShipPartFlips.esm
FormVersion: 559
Base: 09811C:Starfield.esm
Scale: 0.64
Position: 3.6367197, -0.8813673, -0.006109208
Rotation: -1.5199643, -1.2242174, 3.0937784
