MutagenObjectType: PlacedObject
FormKey: 002382:BetterShipPartFlips.esm
FormVersion: 559
Base: 09811C:Starfield.esm
Scale: 0.64
Position: 0.78993404, 0.8764082, -0.009870622
Rotation: 1.5675625, 1.2214228, 6.280147
