MutagenObjectType: PlacedObject
FormKey: 002393:BetterShipPartFlips.esm
FormVersion: 559
Base: 09811C:Starfield.esm
Scale: 0.64
Position: 1.6095368, 1.5975707, 0.6186612
Rotation: 1.113931, 0.41825914, 6.0861335
