MutagenObjectType: PlacedObject
FormKey: 00080B:BSPF-ShipColorize-Patch.esm
FormVersion: 559
Base: 003316:Starfield.esm
ConstrainedDecal: 6, 1, 0.5
Position: 0.51604366, 0.13525632, 1.4999999
Rotation: 3.1415925, 4.768372E-07, 1.5707964
