MutagenObjectType: PlacedObject
FormKey: 000816:BSPF-ShipColorize-Patch.esm
FormVersion: 559
Base: 1F560E:Starfield.esm
ProjectedDecal:
  WidthScale: 1
  HeightScale: 1
  UnknownFloat: 0.275
  UnknownInt: 2880154369
ConstrainedDecal: 3.8200002, 1.6200001, 0.5
Position: -1.0875134, 0.038493175, 1.5019523
Rotation: 3.1415925, -1.1565001E-07, 0
