MutagenObjectType: PlacedObject
FormKey: 000817:BSPF-ShipColorize-Patch.esm
FormVersion: 559
Base: 29E425:Starfield.esm
ProjectedDecal:
  WidthScale: 1
  HeightScale: 1
  UnknownFloat: 0.32500044
  UnknownInt: 2880154369
ConstrainedDecal: 3.8799999, 3.9499989, 0.1
Position: -3.5468838, -3.781602, 0.27421355
Rotation: 1.5707961, 2.891253E-08, 1.5707964
