MutagenObjectType: PlacedObject
FormKey: 00081A:BSPF-ShipColorize-Patch.esm
FormVersion: 559
Base: 099C74:Starfield.esm
ProjectedDecal:
  WidthScale: 1
  HeightScale: 1
  UnknownFloat: 0.34999993
  UnknownInt: 2880154369
ConstrainedDecal: 5.8200016, 3.0499992, 0.5
Position: 1.1006881, -0.33212745, -1.5019519
Rotation: -2.8308418E-07, 1.1565001E-07, 3.1415927
