MutagenObjectType: PlacedObject
FormKey: 000825:BSPF-ShipColorize-Patch.esm
FormVersion: 559
Base: 099C74:Starfield.esm
ProjectedDecal:
  WidthScale: 1
  HeightScale: 1
  UnknownFloat: 0.44999996
  UnknownInt: 2880154369
ConstrainedDecal: 4, 2, 0.5
Position: -0.36000264, -0.18193996, 1.6433549
Rotation: -3.1415925, -2.3493998E-07, 4.6831856
