MutagenObjectType: PlacedObject
FormKey: 00081E:BSPF-ShipColorize-Patch.esm
FormVersion: 559
Base: 1F5648:Starfield.esm
ProjectedDecal:
  WidthScale: 1
  HeightScale: 1
  UnknownFloat: 0.7750002
  UnknownInt: 2880154369
ConstrainedDecal: 4, 2, 0.75
Position: 1.9001378, -0.030190822, -1.5019517
Rotation: -2.8308418E-07, 1.1565001E-07, 0
