MutagenObjectType: PlacedObject
FormKey: 000814:BSPF-ShipColorize-Patch.esm
FormVersion: 559
Base: 099C74:Starfield.esm
ProjectedDecal:
  WidthScale: 1
  HeightScale: 1
  UnknownFloat: 0.34999993
  UnknownInt: 2880154369
ConstrainedDecal: 5.8200016, 3.0499992, 0.5
Position: 3.7519526, -0.53520596, 0.11248426
Rotation: -1.5707963, 1.5707964, 0
