MutagenObjectType: PlacedObject
FormKey: 000811:BSPF-ShipColorize-Patch.esm
FormVersion: 559
Base: 1E867E:Starfield.esm
ProjectedDecal:
  WidthScale: 1
  HeightScale: 1
  UnknownFloat: 0.40000045
  UnknownInt: 2880154369
ConstrainedDecal: 8, 8, 0.1
Position: 0.31641632, 0.3521213, 1.5000004
Rotation: 3.1415925, -1.1565001E-07, 0
