MutagenObjectType: PlacedObject
FormKey: 00369B:BetterShipPartFlips.esm
FormVersion: 559
Base: 1F5630:Starfield.esm
ProjectedDecal:
  WidthScale: 1
  HeightScale: 1
  UnknownFloat: 0.2
  UnknownInt: 2880154369
ProjectedDecalReferences:
- 00367F:BetterShipPartFlips.esm
ConstrainedDecal: 4.9400015, 5.400002, 0.5
Position: 0.15118697, -1.5790693, 3.3468099
Rotation: -3.1415927, 1.3617969, -0
