MutagenObjectType: PlacedObject
FormKey: 00369E:BetterShipPartFlips.esm
FormVersion: 559
Base: 1F5634:Starfield.esm
ProjectedDecal:
  WidthScale: 1
  HeightScale: 1
  UnknownFloat: 0.2
  UnknownInt: 2880154369
ProjectedDecalReferences:
- 00367F:BetterShipPartFlips.esm
ConstrainedDecal: 5.110002, 6.750006, 0.5
Position: 0.29736236, -2.3722725, -4.527198
Rotation: -3.1415927, 1.5707964, 0
