MutagenObjectType: PlacedObject
FormKey: 0042A4:BetterShipPartFlips.esm
FormVersion: 559
Base: 001E19:Starfield.esm
LinkedReferences:
- Reference: 00B122:Starfield.esm
IsLinkedRefTransient: True
Scale: 0.12
Position: 2.0027142, 2.0055497, -1.0289943
Rotation: 5.1222736E-07, -1.2582527E-13, 4.712389
