MutagenObjectType: PlacedObject
FormKey: 0042AB:BetterShipPartFlips.esm
FormVersion: 559
XALG: 0x0008000000000000
Base: 1F5657:Starfield.esm
ProjectedDecal:
  WidthScale: 1
  HeightScale: 1
  UnknownFloat: 0.46100003
  UnknownInt: 1
ConstrainedDecal: 3, 3, 2.478293
Position: 2.273377, -0.4394504, -0.99999976
Rotation: -0, 0, 1.5707964
