MutagenObjectType: PlacedObject
FormKey: 000F96:BetterShipPartFlips.esm
Base: 1F564E:Starfield.esm
ProjectedDecal:
  WidthScale: 1
  HeightScale: 1
  UnknownFloat: 0.86300004
  UnknownInt: 2880154369
ConstrainedDecal: 2.8062, 2.0252, 0.64599264
Position: 1.1648345, -2.979792, 1.183154
Rotation: -2.737565, -2.1976382E-06, 6.253982
