MutagenObjectType: PlacedObject
FormKey: 000F91:BetterShipPartFlips.esm
Base: 1F564E:Starfield.esm
ProjectedDecal:
  WidthScale: 1
  HeightScale: 1
  UnknownFloat: 0.86300004
  UnknownInt: 2880154369
ProjectedDecalReferences:
- 000F7F:BetterShipPartFlips.esm
ConstrainedDecal: 2.8062, 2.0252, 0.64599264
Position: -1.5495367, -3.0109172, -1.0916389
Rotation: -0.43622446, 0.004898822, 3.1673346
