MutagenObjectType: PlacedObject
FormKey: 000F92:BetterShipPartFlips.esm
Base: 1F563F:Starfield.esm
ProjectedDecal:
  WidthScale: 1
  HeightScale: 1
  UnknownFloat: 0.32200003
  UnknownInt: 2880154369
ProjectedDecalReferences:
- 000F7F:BetterShipPartFlips.esm
ConstrainedDecal: 1.2014208, 1.1446567, 0.6459925
Position: -2.6947632, -2.9894996, 1.0199844
Rotation: -2.8816507, -0.3493242, 6.1924176
