MutagenObjectType: PlacedObject
FormKey: 001010:BetterShipPartFlips.esp
FormVersion: 559
Base: 1F564E:Starfield.esm
ProjectedDecal:
  WidthScale: 1
  HeightScale: 1
  UnknownFloat: 0.8
  UnknownInt: 2880154369
ProjectedDecalReferences:
- 000FFF:BetterShipPartFlips.esp
ConstrainedDecal: 2.8062, 2.0252, 1.1336646
Position: 3.1391115, 1.5164222, 0.89993346
Rotation: -2.3988266, -0, 3.1415927
