MutagenObjectType: PlacedObject
FormKey: 000833:BetterShipPartFlips.esm
FormVersion: 559
Base: 1F5655:Starfield.esm
ProjectedDecal:
  WidthScale: 1
  HeightScale: 1
  UnknownFloat: 1
  UnknownInt: 2880154369
ProjectedDecalReferences:
- 000832:BetterShipPartFlips.esm
ConstrainedDecal: 3.4687974, 4.5355, 1.6002531
Position: -1.5836315, 0.054960806, 0.04345575
Rotation: 3.1415925, 4.5856453E-14, 1.5707965
