MutagenObjectType: PlacedObject
FormKey: 00198C:BetterShipPartFlips.esp
FormVersion: 559
Base: 099C80:Starfield.esm
ProjectedDecal:
  WidthScale: 1
  HeightScale: 1
  UnknownFloat: 0.4
  UnknownInt: 2880154369
ProjectedDecalReferences:
- 0019AD:BetterShipPartFlips.esp
ConstrainedDecal: 8.569159, 3.030672, 1.2224629
Position: 3.5911999, -7.6172, -0.3269
Rotation: 0, -0.6404172, 1.5707963
