MutagenObjectType: PlacedObject
FormKey: 000B38:BetterShipPartFlips.esm
Base: 099C9B:Starfield.esm
ProjectedDecal:
  WidthScale: 1
  HeightScale: 1
  UnknownFloat: 0.4
  UnknownInt: 2880154369
ConstrainedDecal: 5, 2.5, 0.5
Position: 1.2500002, -0.7575068, -0.698804
Rotation: -0.5140056, 1.5707964, 1.0551949
