MutagenObjectType: PlacedObject
FormKey: 000B39:BetterShipPartFlips.esm
Base: 099C9B:Starfield.esm
ProjectedDecal:
  WidthScale: 1
  HeightScale: 1
  UnknownFloat: 0.4
  UnknownInt: 2880154369
ConstrainedDecal: 5, 2.5, 0.5
Position: -1.2499995, 0.47587636, -0.63866615
Rotation: 1.5707964, -1.5707964, 0
