MutagenObjectType: PlacedObject
FormKey: 003633:BetterShipPartFlips.esp
FormVersion: 559
Base: 001E19:Starfield.esm
LinkedReferences:
- Reference: 09A862:Starfield.esm
IsLinkedRefTransient: True
Scale: 0.099999994
Position: 2.989964, -3.9999983, 0.2641306
Rotation: 1.5707964, -4.1028937E-08, 4.7123895
