MutagenObjectType: PlacedObject
FormKey: 003613:BetterShipPartFlips.esp
FormVersion: 559
Base: 1F5634:Starfield.esm
ProjectedDecal:
  WidthScale: 1
  HeightScale: 1
  UnknownFloat: 0.4
  UnknownInt: 2880154369
ProjectedDecalReferences:
- 0035FD:BetterShipPartFlips.esp
ConstrainedDecal: 5.110002, 6.750006, 1.6024061
Position: -3.7382143, 0.1326523, -0.06936484
Rotation: 1.6427767, -1.5698829, 4.669613
