MutagenObjectType: PlacedObject
FormKey: 00194F:BetterShipPartFlips.esm
FormVersion: 559
Base: 099C74:Starfield.esm
ProjectedDecal:
  WidthScale: 1
  HeightScale: 1
  UnknownFloat: 0.6
  UnknownInt: 2880154369
ProjectedDecalReferences:
- 001979:BetterShipPartFlips.esm
ConstrainedDecal: 3.7009, 1.6618004, 1.1277056
Position: 4.6672, 5.9315, 0.4644
Rotation: 4.712656, 6.281855, 0.19644204
