MutagenObjectType: PlacedObject
FormKey: 001959:BetterShipPartFlips.esm
Base: 1F564F:Starfield.esm
ProjectedDecal:
  WidthScale: 1
  HeightScale: 1
  UnknownFloat: 0.4
  UnknownInt: 2880154369
ProjectedDecalReferences:
- 001979:BetterShipPartFlips.esm
ConstrainedDecal: 3.1669, 3.0297, 0.7506534
Position: -4.1322, 6.1202, -0.342
Rotation: 0.06640629, 4.713305, 1.6371136
