MutagenObjectType: PlacedObject
FormKey: 0021AA:BetterShipPartFlips.esm
FormVersion: 559
Base: 099C86:Starfield.esm
ProjectedDecal:
  WidthScale: 1
  HeightScale: 1
  UnknownFloat: 0.6499999
  UnknownInt: 2880154369
ConstrainedDecal: 0.46000272, 0.08000011, 0.5
Position: 0.35329854, 0.20401485, 0.9868961
Rotation: -3.1405787, -0.16974191, 3.1414216
