MutagenObjectType: PlacedObject
FormKey: 0021B6:BetterShipPartFlips.esm
FormVersion: 559
Base: 1F564A:Starfield.esm
ProjectedDecal:
  WidthScale: 1
  HeightScale: 1
  UnknownFloat: 0.30000043
  UnknownInt: 2880154369
ConstrainedDecal: 2.100001, 1.89, 0.75
Position: 0.7793452, 1.6025963, 1.0580535
Rotation: -3.1415927, -0.16750447, 4.712389
