MutagenObjectType: PlacedObject
FormKey: 0021AC:BetterShipPartFlips.esm
FormVersion: 559
Base: 099C86:Starfield.esm
ProjectedDecal:
  WidthScale: 1
  HeightScale: 1
  UnknownFloat: 0.6499999
  UnknownInt: 2880154369
ConstrainedDecal: 0.46000272, 0.08000011, 0.5
Position: 1.5861057, 0.3311025, 1.1875091
Rotation: 3.1414287, -0.15660189, 4.7124147
