MutagenObjectType: PlacedObject
FormKey: 0021A6:BetterShipPartFlips.esm
FormVersion: 559
Base: 1785DA:Starfield.esm
ProjectedDecal:
  WidthScale: 1
  HeightScale: 1
  UnknownFloat: 0.27500042
  UnknownInt: 2880154369
ConstrainedDecal: 3.6799974, 3.829998, 0.3
Position: 1.055722, 1.7050227, 1.1047857
Rotation: -3.1415927, -0.16991188, 3.1415927
