MutagenObjectType: PlacedObject
FormKey: 0021BA:BetterShipPartFlips.esm
FormVersion: 559
Base: 1F564A:Starfield.esm
ProjectedDecal:
  WidthScale: 1
  HeightScale: 1
  UnknownFloat: 0.1500004
  UnknownInt: 2880154369
ConstrainedDecal: 2.080001, 1.7200003, 0.75
Position: 2.270023, 0.08322616, -1.2529297
Rotation: -0, 0, 1.5707964
