MutagenObjectType: PlacedObject
FormKey: 0021A0:BetterShipPartFlips.esm
FormVersion: 559
Base: 1F560E:Starfield.esm
ProjectedDecal:
  WidthScale: 1
  HeightScale: 1
  UnknownFloat: 0.6249999
  UnknownInt: 2880154369
ConstrainedDecal: 1.4799999, 0.6999999, 0.5
Position: 0.6145628, 1.4882479, 1.0301902
Rotation: -3.1415927, -0.16750447, 3.1415927
