MutagenObjectType: PlacedObject
FormKey: 0021A1:BetterShipPartFlips.esm
FormVersion: 559
Base: 099C86:Starfield.esm
ProjectedDecal:
  WidthScale: 1
  HeightScale: 1
  UnknownFloat: 0.6499999
  UnknownInt: 2880154369
ConstrainedDecal: 0.46000272, 0.08000011, 0.5
Position: 1.322255, -0.76194626, 1.2105461
Rotation: -3.1405787, -0.16974191, 3.1414216
