MutagenObjectType: PlacedObject
FormKey: 0021AD:BetterShipPartFlips.esm
FormVersion: 559
Base: 1785DA:Starfield.esm
ProjectedDecal:
  WidthScale: 1
  HeightScale: 1
  UnknownFloat: 0.27500042
  UnknownInt: 2880154369
ConstrainedDecal: 3.6799974, 3.829998, 0.3
Position: 2.2566686, 1.9720716, 1.1693661
Rotation: -3.1318855, -0.0041664466, 4.712389
