MutagenObjectType: PlacedObject
FormKey: 0021A8:BetterShipPartFlips.esm
FormVersion: 559
Base: 1785DA:Starfield.esm
ProjectedDecal:
  WidthScale: 1
  HeightScale: 1
  UnknownFloat: 0.27500042
  UnknownInt: 2880154369
ConstrainedDecal: 3.6799974, 3.829998, 0.3
Position: -0.3260889, 0.07435727, 0.07634726
Rotation: -3.1415927, -1.5697045, 3.1415927
