MutagenObjectType: PlacedObject
FormKey: 0021A9:BetterShipPartFlips.esm
FormVersion: 559
Base: 1785DA:Starfield.esm
ProjectedDecal:
  WidthScale: 1
  HeightScale: 1
  UnknownFloat: 0.27500042
  UnknownInt: 2880154369
ConstrainedDecal: 3.6799974, 3.829998, 0.3
Position: -0.32861352, -1.7259178, 0.18604386
Rotation: 0, -1.5707964, 0
