MutagenObjectType: PlacedObject
FormKey: 000C8A:BetterShipPartFlips.esm
FormVersion: 559
Base: 099C9B:Starfield.esm
ProjectedDecal:
  WidthScale: 1
  HeightScale: 1
  UnknownFloat: 0.42400002
  UnknownInt: 2880154369
ConstrainedDecal: 3, 1.5, 0.5
Position: 0.041946836, -3.8379312, -1.0766784
Rotation: 1.5707965, -8.372116E-08, 3.1307964
