MutagenObjectType: PlacedObject
FormKey: 001712:BetterShipPartFlips.esp
FormVersion: 559
Base: 1F5607:Starfield.esm
ProjectedDecal:
  WidthScale: 1
  HeightScale: 1
  UnknownFloat: 0.4
  UnknownInt: 2880154369
ProjectedDecalReferences:
- 001750:BetterShipPartFlips.esp
ConstrainedDecal: 3.1012, 2.8753, 0.7499999
Position: -1.8318, -6.5464, 2.4415
Rotation: 3.1415696, 1.5643103, 2.2355707E-05
