MutagenObjectType: PlacedObject
FormKey: 000981:BetterShipPartFlips.esm
FormVersion: 559
Base: 1F5638:Starfield.esm
ProjectedDecal:
  WidthScale: 1
  HeightScale: 1
  UnknownFloat: 0.4
  UnknownInt: 2880154369
ProjectedDecalReferences:
- 000979:BetterShipPartFlips.esm
ConstrainedDecal: 4, 2.5496, 1.0703934
Position: -0.23978236, 1.3388551, -0.27368087
Rotation: 3.1415927, -0, 4.5000005
