MutagenObjectType: PlacedObject
FormKey: 00379F:BetterShipPartFlips.esm
FormVersion: 559
Base: 1F568E:Starfield.esm
ProjectedDecal:
  WidthScale: 1
  HeightScale: 1
  UnknownFloat: 0.8
  UnknownInt: 2880154369
ProjectedDecalReferences:
- 00378B:BetterShipPartFlips.esm
ConstrainedDecal: 6, 6.419999, 1.1569605
Position: 1.1980964, -3.224255, 0.8960211
Rotation: -1.5707964, -0, 1.5707964
