MutagenObjectType: PlacedObject
FormKey: 00228E:BetterShipPartFlips.esp
FormVersion: 559
Base: 1F568E:Starfield.esm
ProjectedDecal:
  WidthScale: 1
  HeightScale: 1
  UnknownFloat: 0.6
  UnknownInt: 2880154369
ProjectedDecalReferences:
- 002283:BetterShipPartFlips.esp
ConstrainedDecal: 1.6299988, 1.8899999, 0.75
Position: 1.6912695, -2.0503526, -0.27012274
Rotation: 0.77387094, -0.7339527, 5.1800284
