MutagenObjectType: PlacedObject
FormKey: 00228A:BetterShipPartFlips.esp
FormVersion: 559
Base: 1F5688:Starfield.esm
ProjectedDecal:
  WidthScale: 1
  HeightScale: 1
  UnknownFloat: 0.6
  UnknownInt: 2880154369
ProjectedDecalReferences:
- 002283:BetterShipPartFlips.esp
ConstrainedDecal: 2.3100019, 1.0200009, 0.75
Position: 1.2489961, -1.2577236, 0.78352296
Rotation: -3.1415927, -1.0444604, -0
