MutagenObjectType: PlacedObject
FormKey: 002290:BetterShipPartFlips.esp
FormVersion: 559
Base: 099C8E:Starfield.esm
ProjectedDecal:
  WidthScale: 1
  HeightScale: 1
  UnknownFloat: 0.6
  UnknownInt: 2880154369
ProjectedDecalReferences:
- 002283:BetterShipPartFlips.esp
ConstrainedDecal: 1.5627267, 0.51000077, 0.5
Position: 1.8853121, -1.3025455, 1.2712721
Rotation: -3.1415927, -0.44856232, 1.5707964
