MutagenObjectType: PlacedObject
FormKey: 000F44:BetterShipPartFlips.esp
FormVersion: 559
Base: 099C8E:Starfield.esm
ProjectedDecal:
  WidthScale: 1
  HeightScale: 1
  UnknownFloat: 1
  UnknownInt: 2880154369
ProjectedDecalReferences:
- 000F37:BetterShipPartFlips.esp
ConstrainedDecal: 5.193836, 1.0296452, 0.5
Position: -2.031021, 1.3839296, 0.73310757
Rotation: 0, -0.76721823, 4.712389
