MutagenObjectType: PlacedObject
FormKey: 002246:BetterShipPartFlips.esm
FormVersion: 559
Base: 1F5655:Starfield.esm
ProjectedDecal:
  WidthScale: 1
  HeightScale: 1
  UnknownFloat: 0.6
  UnknownInt: 2880154369
ConstrainedDecal: 6.2400026, 7.038929, 2.2028422
Position: 3.4282207, -0.123449326, 1.6632833
Rotation: -3.1415927, 1.1344147, -0
