MutagenObjectType: PlacedObject
FormKey: 00224B:BetterShipPartFlips.esm
FormVersion: 559
Base: 099C9B:Starfield.esm
ProjectedDecal:
  WidthScale: 1
  HeightScale: 1
  UnknownFloat: 0.4
  UnknownInt: 2880154369
ProjectedDecalReferences:
- 002240:BetterShipPartFlips.esm
ConstrainedDecal: 5.2200003, 5.709998, 2.9948838
Position: 2.016756, 6.086841, 1.1125034
Rotation: -2.4310703, 0.540491, 5.744212
