MutagenObjectType: PlacedObject
FormKey: 002250:BetterShipPartFlips.esm
FormVersion: 559
Base: 1F5655:Starfield.esm
ProjectedDecal:
  WidthScale: 1
  HeightScale: 1
  UnknownFloat: 0.6
  UnknownInt: 2880154369
ConstrainedDecal: 6.2400026, 7.038929, 2.2028422
Position: 2.9058094, -4.578136, 2.2992692
Rotation: 2.784647, 0.85525054, 6.008834
