MutagenObjectType: PlacedObject
FormKey: 002245:BetterShipPartFlips.esm
FormVersion: 559
Base: 099C9B:Starfield.esm
ProjectedDecal:
  WidthScale: 1
  HeightScale: 1
  UnknownFloat: 0.8
  UnknownInt: 2880154369
ConstrainedDecal: 5.2200003, 5.709998, 1.9637766
Position: 0.16510582, 6.234313, 2.8263612
Rotation: -2.3989558, 0.038400143, 1.5707964
