MutagenObjectType: PlacedObject
FormKey: 002257:BetterShipPartFlips.esm
FormVersion: 559
Base: 099C80:Starfield.esm
ProjectedDecal:
  WidthScale: 1
  HeightScale: 1
  UnknownFloat: 0.6
  UnknownInt: 2880154369
ConstrainedDecal: 8.140002, 3.3899994, 0.5
Position: 2.862604, 2.349283, 2.5225325
Rotation: -3.1415927, 0.81301546, 1.5707964
