MutagenObjectType: PlacedObject
FormKey: 00224F:BetterShipPartFlips.esm
FormVersion: 559
Base: 099C9B:Starfield.esm
ProjectedDecal:
  WidthScale: 1
  HeightScale: 1
  UnknownFloat: 0.8
  UnknownInt: 2880154369
ConstrainedDecal: 5.2200003, 5.709998, 1.9637766
Position: -0.2582407, 7.4650517, 0.4489956
Rotation: -1.7236916, -0.081483915, 1.5707964
