MutagenObjectType: PlacedObject
FormKey: 000E66:BetterShipPartFlips.esp
FormVersion: 559
Base: 1F564F:Starfield.esm
ProjectedDecal:
  WidthScale: 1
  HeightScale: 1
  UnknownFloat: 0.45000002
  UnknownInt: 2880154369
ProjectedDecalReferences:
- 000E61:BetterShipPartFlips.esp
ConstrainedDecal: 3.0196297, 2.7247, 0.75
Position: -0.18569982, -0.03171304, -1.5214844
Rotation: 3.1415927, -0, 1.5707965
