MutagenObjectType: PlacedObject
FormKey: 000A79:BetterShipPartFlips.esp
FormVersion: 559
Base: 1F563C:Starfield.esm
ProjectedDecal:
  WidthScale: 1
  HeightScale: 1
  UnknownFloat: 0.522
  UnknownInt: 2880154369
ConstrainedDecal: 2.5, 1.5, 0.75
Position: -0.074619725, 3.545535, -0.021118164
Rotation: -3.1415927, -0, 0
