MutagenObjectType: PlacedObject
FormKey: 000BDF:BetterShipPartFlips.esm
FormVersion: 559
Base: 099C8A:Starfield.esm
ProjectedDecal:
  WidthScale: 1
  HeightScale: 1
  UnknownFloat: 0.522
  UnknownInt: 2880154369
ConstrainedDecal: 3.99, 2.61, 0.5
Position: 1.0917959, 2.8858063, -0.69158316
Rotation: 1.5707964, 1.5707964, 0
