MutagenObjectType: PlacedObject
FormKey: 001F0D:BetterShipPartFlips.esm
FormVersion: 559
Base: 1F560E:Starfield.esm
ProjectedDecal:
  WidthScale: 1
  HeightScale: 1
  UnknownFloat: 0.25
  UnknownInt: 2880154369
ConstrainedDecal: 3.66, 1.4500005, 0.5
Position: -2.9468434, 0.26008412, 1.6257906
Rotation: -3.1415927, -1.192093E-07, 1.5707965
