MutagenObjectType: PlacedObject
FormKey: 001F1B:BetterShipPartFlips.esm
FormVersion: 559
Base: 1E867E:Starfield.esm
ProjectedDecal:
  WidthScale: 1
  HeightScale: 1
  UnknownFloat: 0.32500044
  UnknownInt: 2880154369
ConstrainedDecal: 5.040001, 5.900001, 0.1
Position: -3.7519526, 0.08424711, 0.7604846
Rotation: -1.5707963, -1.5707964, 0
