MutagenObjectType: PlacedObject
FormKey: 001F24:BetterShipPartFlips.esm
FormVersion: 559
Base: 1F5648:Starfield.esm
ConstrainedDecal: 4, 2, 0.75
Position: -1.593122, -1.5814235, 1.4999995
Rotation: -3.1415927, -1.192093E-07, 4.712389
