MutagenObjectType: PlacedObject
FormKey: 001F27:BetterShipPartFlips.esm
FormVersion: 559
Base: 099C86:Starfield.esm
ProjectedDecal:
  WidthScale: 1
  HeightScale: 1
  UnknownFloat: 0.72499985
  UnknownInt: 2880154369
ConstrainedDecal: 0.7800017, 0.3000001, 0.5
Position: 0.37959826, -3.539149, 1.3172116
Rotation: 2.335778, -8.2556234E-08, 0
