MutagenObjectType: PlacedObject
FormKey: 001F05:BetterShipPartFlips.esm
FormVersion: 559
Base: 003316:Starfield.esm
ConstrainedDecal: 6, 1, 0.5
Position: -0.5264035, 0.13247156, 1.5000001
Rotation: -3.1415925, 1.24344996E-14, 4.712389
