MutagenObjectType: PlacedObject
FormKey: 001F0C:BetterShipPartFlips.esm
FormVersion: 559
Base: 1F560E:Starfield.esm
ProjectedDecal:
  WidthScale: 1
  HeightScale: 1
  UnknownFloat: 0.35000002
  UnknownInt: 2880154369
ConstrainedDecal: 3.9299998, 1.94, 0.5
Position: -1.128843, 0.5639577, -1.501953
Rotation: -0, 1.192093E-07, 4.712389
