MutagenObjectType: PlacedObject
FormKey: 001F15:BetterShipPartFlips.esm
FormVersion: 559
Base: 0C3D85:Starfield.esm
ProjectedDecal:
  WidthScale: 1
  HeightScale: 1
  UnknownFloat: 0.40000045
  UnknownInt: 2880154369
ConstrainedDecal: 1.2100013, 1.0400003, 0.5
Position: 1.2458304, 2.704423, 1.6240239
Rotation: -3.1415927, -0, 0
