MutagenObjectType: PlacedObject
FormKey: 001F20:BetterShipPartFlips.esm
FormVersion: 559
Base: 099C86:Starfield.esm
ProjectedDecal:
  WidthScale: 1
  HeightScale: 1
  UnknownFloat: 0.6749999
  UnknownInt: 2880154369
ConstrainedDecal: 0.8600016, 0.4500001, 0.5
Position: 0.0022246987, -2.46806, 1.4519931
Rotation: -3.1415927, -1.192093E-07, 4.712389
