MutagenObjectType: PlacedObject
FormKey: 0035F9:BetterShipPartFlips.esm
FormVersion: 559
Base: 1F5634:Starfield.esm
ProjectedDecal:
  WidthScale: 1
  HeightScale: 1
  UnknownFloat: 0.4
  UnknownInt: 2880154369
ProjectedDecalReferences:
- 0035DE:BetterShipPartFlips.esm
ConstrainedDecal: 5.110002, 6.750006, 0.5
Position: -1.5672255, -3.9999976, -0.25736415
Rotation: 1.5707964, -0, 4.712389
