MutagenObjectType: PlacedObject
FormKey: 0035F7:BetterShipPartFlips.esm
FormVersion: 559
Base: 1F568E:Starfield.esm
ProjectedDecal:
  WidthScale: 1
  HeightScale: 1
  UnknownFloat: 0.6
  UnknownInt: 2880154369
ProjectedDecalReferences:
- 0035DE:BetterShipPartFlips.esm
ConstrainedDecal: 6, 6.419999, 0.75
Position: -3.9121113, -1.0884607, -0.6102896
Rotation: -0.40898794, -1.5707964, 5.6515803
