MutagenObjectType: PlacedObject
FormKey: 0035F4:BetterShipPartFlips.esm
FormVersion: 559
Base: 1F568E:Starfield.esm
ProjectedDecal:
  WidthScale: 1
  HeightScale: 1
  UnknownFloat: 0.4
  UnknownInt: 2880154369
ProjectedDecalReferences:
- 0035DE:BetterShipPartFlips.esm
ConstrainedDecal: 5.9500017, 5.780002, 0.75
Position: 4, -1.0550092, -1.1137831
Rotation: -2.2866073, 1.5707964, 5.0681715
