MutagenObjectType: PlacedObject
FormKey: 001909:BetterShipPartFlips.esp
FormVersion: 559
Base: 1F564F:Starfield.esm
ProjectedDecal:
  WidthScale: 1
  HeightScale: 1
  UnknownFloat: 0.4
  UnknownInt: 2880154369
ProjectedDecalReferences:
- 001977:BetterShipPartFlips.esp
ConstrainedDecal: 3.1669, 3.0297, 0.7506534
Position: -6.0993, 4.1322, 0.3006
Rotation: 3.1414967, 4.7133017, 6.283089
