MutagenObjectType: PlacedObject
FormKey: 000C62:BetterShipPartFlips.esm
FormVersion: 559
Base: 099C8E:Starfield.esm
ProjectedDecal:
  WidthScale: 1
  HeightScale: 1
  UnknownFloat: 0.4
  UnknownInt: 2880154369
ConstrainedDecal: 4, 2, 0.5
Position: 0.8984382, 2.6088488, -1.1337776
Rotation: 1.5707964, 1.5707964, 0
