MutagenObjectType: PlacedObject
FormKey: 000DDD:BetterShipPartFlips.esp
FormVersion: 559
Base: 1F5630:Starfield.esm
ProjectedDecal:
  WidthScale: 1
  HeightScale: 1
  UnknownFloat: 0.2
  UnknownInt: 2880154369
ConstrainedDecal: 2.8062, 1.9296, 1.1336646
Position: -1.4588003, 2.9427032, -0.26211464
Rotation: 3.1415927, 0, 0
