MutagenObjectType: PlacedObject
FormKey: 001888:BetterShipPartFlips.esm
Base: 1F5606:Starfield.esm
ProjectedDecal:
  WidthScale: 1
  HeightScale: 1
  UnknownFloat: 0.4
  UnknownInt: 2880154369
ProjectedDecalReferences:
- 0018DC:BetterShipPartFlips.esm
ConstrainedDecal: 3.2182, 3.2564, 0.5
Position: -6.6241, 2.5142, 1.7471
Rotation: 0.00087091926, 3.1403987, 4.712387
