MutagenObjectType: PlacedObject
FormKey: 00187E:BetterShipPartFlips.esm
Base: 1F5605:Starfield.esm
ProjectedDecal:
  WidthScale: 1
  HeightScale: 1
  UnknownFloat: 0.6
  UnknownInt: 2880154369
ProjectedDecalReferences:
- 0018DC:BetterShipPartFlips.esm
ConstrainedDecal: 4.0488, 3.51, 0.75065345
Position: 4.5177, 2.2744, -0.0684
Rotation: 4.6966686, 0.07957829, 1.7894738
