MutagenObjectType: PlacedObject
FormKey: 001882:BetterShipPartFlips.esm
Base: 1F5655:Starfield.esm
ProjectedDecal:
  WidthScale: 1
  HeightScale: 1
  UnknownFloat: 0.6
  UnknownInt: 2880154369
ProjectedDecalReferences:
- 0018DC:BetterShipPartFlips.esm
ConstrainedDecal: 4.5928, 3.51, 0.5000001
Position: -0.2212, 0.5124, -1.7399
Rotation: 0.00079706305, 0.0011891765, 3.0815933
