MutagenObjectType: PlacedObject
FormKey: 001886:BetterShipPartFlips.esm
Base: 1F5655:Starfield.esm
ProjectedDecal:
  WidthScale: 1
  HeightScale: 1
  UnknownFloat: 0.6
  UnknownInt: 2880154369
ProjectedDecalReferences:
- 0018DC:BetterShipPartFlips.esm
ConstrainedDecal: 4.5928, 3.51, 0.5000001
Position: -4.4834, 1.835, -1.7423
Rotation: 0.00019957067, 0.0013311699, 1.5707963
