MutagenObjectType: PlacedObject
FormKey: 00187F:BetterShipPartFlips.esm
Base: 1F5655:Starfield.esm
ProjectedDecal:
  WidthScale: 1
  HeightScale: 1
  UnknownFloat: 0.8
  UnknownInt: 2880154369
ProjectedDecalReferences:
- 0018DC:BetterShipPartFlips.esm
ConstrainedDecal: 3.2007194, 3.5099993, 1.2586458
Position: 6.5435, 0.1921, 0.1238
Rotation: 4.712389, 0, 0.86411947
