MutagenObjectType: PlacedObject
FormKey: 000BF8:BetterShipPartFlips.esm
FormVersion: 559
Base: 099C8E:Starfield.esm
ProjectedDecal:
  WidthScale: 1
  HeightScale: 1
  UnknownFloat: 0.6
  UnknownInt: 2880154369
ConstrainedDecal: 4.76, 2.9, 0.5
Position: 1.249999, 1.9911515, -0.037429646
Rotation: -2.779962, 1.5707964, 1.9366368
