MutagenObjectType: PlacedObject
FormKey: 0014AE:BetterShipPartFlips.esm
Base: 1F564D:Starfield.esm
ProjectedDecal:
  WidthScale: 1
  HeightScale: 1
  UnknownFloat: 0.30400002
  UnknownInt: 2880154369
ProjectedDecalReferences:
- 001570:BetterShipPartFlips.esm
ConstrainedDecal: 4.7743, 4.3728, 1.2370362
Position: -4.861, 3.497, 0.763
Rotation: 5.476529, 1.7796074, 0.47928485
