MutagenObjectType: PlacedObject
FormKey: 0021D3:BetterShipPartFlips.esm
FormVersion: 559
Base: 099C86:Starfield.esm
ProjectedDecal:
  WidthScale: 1
  HeightScale: 1
  UnknownFloat: 0.37499997
  UnknownInt: 2880154369
ConstrainedDecal: 0.62000084, 0.5200013, 0.5
Position: -5.0233974, -0.9762094, 1.75
Rotation: -3.1415927, -0, 1.5707964
