MutagenObjectType: PlacedObject
FormKey: 0021D7:BetterShipPartFlips.esm
FormVersion: 559
Base: 1785DA:Starfield.esm
ConstrainedDecal: 5.439999, 5.16, 0.3
Position: -1.9262657, 1.4949143, 1.7265625
Rotation: -3.1415927, -0, 1.5707964
