MutagenObjectType: PlacedObject
FormKey: 0021D6:BetterShipPartFlips.esm
FormVersion: 559
Base: 099C6E:Starfield.esm
ProjectedDecal:
  WidthScale: 1
  HeightScale: 1
  UnknownFloat: 0.5500004
  UnknownInt: 2880154369
ConstrainedDecal: 1.6500585, 1.1100003, 2.4851189
Position: -6.9435234, 1.1101042, 0.5504638
Rotation: 0, -1.570308, 3.1415927
