MutagenObjectType: PlacedObject
FormKey: 0021C9:BetterShipPartFlips.esm
FormVersion: 559
Base: 099C6E:Starfield.esm
ProjectedDecal:
  WidthScale: 1
  HeightScale: 1
  UnknownFloat: 0.6000004
  UnknownInt: 2880154369
ConstrainedDecal: 2.4400015, 1.6000004, 0.5
Position: -0.8688977, 3.0854003, 1.8113676
Rotation: 3.1415927, -0, 3.1171856
