MutagenObjectType: PlacedObject
FormKey: 0021D2:BetterShipPartFlips.esm
FormVersion: 559
Base: 1F560E:Starfield.esm
ProjectedDecal:
  WidthScale: 1
  HeightScale: 1
  UnknownFloat: 0.425
  UnknownInt: 2880154369
ConstrainedDecal: 5.780003, 2.6499996, 0.5
Position: -3.6266294, 0.24023783, -1.7500005
