MutagenObjectType: PlacedObject
FormKey: 0021C7:BetterShipPartFlips.esm
FormVersion: 559
Base: 1785DA:Starfield.esm
ProjectedDecal:
  WidthScale: 1
  HeightScale: 1
  UnknownFloat: 0.52500045
  UnknownInt: 2880154369
ConstrainedDecal: 3.5999997, 3.8099978, 0.3
Position: -7.9999986, -0.011629581, 0.73427284
Rotation: 3.1415927, -1.5707964, 0
