MutagenObjectType: PlacedObject
FormKey: 0021CB:BetterShipPartFlips.esm
FormVersion: 559
Base: 1F560E:Starfield.esm
ProjectedDecal:
  WidthScale: 1
  HeightScale: 1
  UnknownFloat: 0.24999997
  UnknownInt: 2880154369
ConstrainedDecal: 3.740003, 1.6000006, 0.5
Position: -7.9999986, 0.03389764, 0.502651
Rotation: -1.5707963, -1.5707964, 0
