MutagenObjectType: PlacedObject
FormKey: 0021CD:BetterShipPartFlips.esm
FormVersion: 559
Base: 099C86:Starfield.esm
ProjectedDecal:
  WidthScale: 1
  HeightScale: 1
  UnknownFloat: 0.37499997
  UnknownInt: 2880154369
ConstrainedDecal: 1.0900005, 0.6100012, 0.5
Position: -6.807418, 0.31672174, 1.7447648
Rotation: -3.1415927, -0, 0
