MutagenObjectType: PlacedObject
FormKey: 0022D0:BetterShipPartFlips.esm
FormVersion: 559
Base: 1F5688:Starfield.esm
ProjectedDecal:
  WidthScale: 1
  HeightScale: 1
  UnknownFloat: 0.6
  UnknownInt: 2880154369
ProjectedDecalReferences:
- 0022BD:BetterShipPartFlips.esm
ConstrainedDecal: 2.3100019, 1.0200009, 0.75
Position: 3.2809825, 2.939898, 0.9226325
Rotation: -2.9918056, 0.7404912, 3.2430565
