MutagenObjectType: PlacedObject
FormKey: 0022C7:BetterShipPartFlips.esm
FormVersion: 559
Base: 1F5688:Starfield.esm
ProjectedDecal:
  WidthScale: 1
  HeightScale: 1
  UnknownFloat: 0.6
  UnknownInt: 2880154369
ProjectedDecalReferences:
- 0022BD:BetterShipPartFlips.esm
ConstrainedDecal: 2.3100019, 1.0200009, 0.75
Position: 1.272399, 1.227099, -0.82380223
Rotation: -0, -1.0444604, 3.1415927
