MutagenObjectType: PlacedObject
FormKey: 0022C1:BetterShipPartFlips.esm
FormVersion: 559
Base: 099C9B:Starfield.esm
ProjectedDecal:
  WidthScale: 1
  HeightScale: 1
  UnknownFloat: 0.6
  UnknownInt: 2880154369
ProjectedDecalReferences:
- 0022BD:BetterShipPartFlips.esm
ConstrainedDecal: 2.6699991, 2.8999975, 1.9637766
Position: 2.285228, 3.074645, 0.04992786
Rotation: -1.5707964, -0, 1.5707964
