MutagenObjectType: PlacedObject
FormKey: 0022DA:BetterShipPartFlips.esm
FormVersion: 559
Base: 1F5688:Starfield.esm
ProjectedDecal:
  WidthScale: 1
  HeightScale: 1
  UnknownFloat: 0.6
  UnknownInt: 2880154369
ProjectedDecalReferences:
- 0022BD:BetterShipPartFlips.esm
ConstrainedDecal: 2.3100019, 1.0200009, 0.75
Position: 1.6023353, -0.3529929, 1.1825786
Rotation: -3.1415927, -0.7511645, 3.1415927
