MutagenObjectType: PlacedObject
FormKey: 0022CA:BetterShipPartFlips.esm
FormVersion: 559
Base: 1F568E:Starfield.esm
ProjectedDecal:
  WidthScale: 1
  HeightScale: 1
  UnknownFloat: 0.6
  UnknownInt: 2880154369
ProjectedDecalReferences:
- 0022BD:BetterShipPartFlips.esm
ConstrainedDecal: 1.6299987, 1.8899999, 0.9840611
Position: 2.3518393, -3.7985592, 0.58300084
Rotation: 1.5707964, -0, 1.5707964
