MutagenObjectType: PlacedObject
FormKey: 0022D3:BetterShipPartFlips.esm
FormVersion: 559
Base: 1F568E:Starfield.esm
ProjectedDecal:
  WidthScale: 1
  HeightScale: 1
  UnknownFloat: 0.6
  UnknownInt: 2880154369
ProjectedDecalReferences:
- 0022BD:BetterShipPartFlips.esm
ConstrainedDecal: 1.6299988, 1.8899999, 0.75
Position: 1.6513897, -3.6563249, -0.26883945
Rotation: 0.77387094, -0.7339527, 5.1800284
