MutagenObjectType: PlacedObject
FormKey: 0022CB:BetterShipPartFlips.esm
FormVersion: 559
Base: 099C8E:Starfield.esm
ProjectedDecal:
  WidthScale: 1
  HeightScale: 1
  UnknownFloat: 0.6
  UnknownInt: 2880154369
ProjectedDecalReferences:
- 0022BD:BetterShipPartFlips.esm
ConstrainedDecal: 1.5627267, 0.51000077, 0.5
Position: 1.8454323, -1.3302842, 1.2725554
Rotation: -3.1415927, -0.44856232, 1.5707964
