MutagenObjectType: PlacedObject
FormKey: 0022C5:BetterShipPartFlips.esm
FormVersion: 559
Base: 099C8A:Starfield.esm
ProjectedDecal:
  WidthScale: 1
  HeightScale: 1
  UnknownFloat: 0.6
  UnknownInt: 2880154369
ProjectedDecalReferences:
- 0022BD:BetterShipPartFlips.esm
ConstrainedDecal: 0.9827265, 0.58000076, 0.5
Position: 1.8599524, -0.9748716, -1.2609262
Rotation: 0, -0.2988537, 4.712389
