MutagenObjectType: PlacedObject
FormKey: 0022C3:BetterShipPartFlips.esm
FormVersion: 559
Base: 099C80:Starfield.esm
ProjectedDecal:
  WidthScale: 1
  HeightScale: 1
  UnknownFloat: 0.2
  UnknownInt: 2880154369
ProjectedDecalReferences:
- 0022BD:BetterShipPartFlips.esm
ConstrainedDecal: 2.8000011, 2.2499998, 0.5
Position: 1.5065365, 1.6818882, 1.0546
Rotation: 3.1415927, -0.7511648, 1.5707964
