MutagenObjectType: PlacedObject
FormKey: 0022DB:BetterShipPartFlips.esm
FormVersion: 559
Base: 1F568E:Starfield.esm
ProjectedDecal:
  WidthScale: 1
  HeightScale: 1
  UnknownFloat: 0.6
  UnknownInt: 2880154369
ProjectedDecalReferences:
- 0022BD:BetterShipPartFlips.esm
ConstrainedDecal: 1.6299988, 1.8899999, 0.75
Position: 3.5953631, -1.4570848, -0.42159384
Rotation: -6.549023E-07, 1.204231, 4.747593
