MutagenObjectType: PlacedObject
FormKey: 00093C:BetterShipPartFlips.esm
FormVersion: 559
Base: 1F5630:Starfield.esm
ProjectedDecal:
  WidthScale: 1
  HeightScale: 1
  UnknownFloat: 0.20700002
  UnknownInt: 2880154369
ProjectedDecalReferences:
- 000940:BetterShipPartFlips.esm
ConstrainedDecal: 3, 3, 0.75
Position: -2.1910362, 1.982966, 1.2726092
Rotation: 2.825623, -0.3902613, 0.123721175
