MutagenObjectType: PlacedObject
FormKey: 0020F0:BetterShipPartFlips.esm
FormVersion: 559
Base: 099C86:Starfield.esm
ProjectedDecal:
  WidthScale: 1
  HeightScale: 1
  UnknownFloat: 0.37499994
  UnknownInt: 2880154369
ConstrainedDecal: 1.2300029, 0.28999984, 0.5
Position: -0.5451963, 2.2965307, 1.6250411
Rotation: 3.1415927, 0, 4.712389
