MutagenObjectType: PlacedObject
FormKey: 0020E3:BetterShipPartFlips.esm
FormVersion: 559
Base: 099C86:Starfield.esm
ProjectedDecal:
  WidthScale: 1
  HeightScale: 1
  UnknownFloat: 0.17499998
  UnknownInt: 2880154369
ConstrainedDecal: 1.6300023, 0.54000086, 0.5
Position: -3.3183937, -1.446768, -0.60595334
Rotation: -0, -0.8918737, -0
