MutagenObjectType: PlacedObject
FormKey: 0020FA:BetterShipPartFlips.esm
FormVersion: 559
Base: 1F560E:Starfield.esm
ProjectedDecal:
  WidthScale: 1
  HeightScale: 1
  UnknownFloat: 0.35
  UnknownInt: 2880154369
ConstrainedDecal: 2.9299984, 1.5099999, 1.1782955
Position: -1.0746539, -0.010535177, 1.5781671
Rotation: -3.1415927, -0.28830606, 1.5707964
