MutagenObjectType: PlacedObject
FormKey: 0020EE:BetterShipPartFlips.esm
FormVersion: 559
Base: 1F5648:Starfield.esm
ProjectedDecal:
  WidthScale: 1
  HeightScale: 1
  UnknownFloat: 0.8000002
  UnknownInt: 2880154369
ConstrainedDecal: 3.450002, 2.8454995, 0.75
Position: 0.12647957, 3.8466086, -0.13687088
Rotation: -1.5707964, 0.7853982, 4.712389
