MutagenObjectType: PlacedObject
FormKey: 0020FB:BetterShipPartFlips.esm
FormVersion: 559
Base: 099C80:Starfield.esm
ProjectedDecal:
  WidthScale: 1
  HeightScale: 1
  UnknownFloat: 0.10000039
  UnknownInt: 2880154369
ConstrainedDecal: 4, 2, 0.5
Position: 0.43937898, -2.3712559, -1.6840078
Rotation: 0, 0, 3.1331854
