MutagenObjectType: PlacedObject
FormKey: 0020EC:BetterShipPartFlips.esm
FormVersion: 559
Base: 099C86:Starfield.esm
ProjectedDecal:
  WidthScale: 1
  HeightScale: 1
  UnknownFloat: 0.32500002
  UnknownInt: 2880154369
ConstrainedDecal: 1.0200028, 0.42000067, 0.5
Position: -2.8259513, 2.4123318, 1.6710162
Rotation: 3.1415927, -0, 5.2607875
