MutagenObjectType: PlacedObject
FormKey: 0020DC:BetterShipPartFlips.esm
FormVersion: 559
Base: 29E425:Starfield.esm
ProjectedDecal:
  WidthScale: 1
  HeightScale: 1
  UnknownFloat: 0.125
  UnknownInt: 2880154369
ConstrainedDecal: 0.67999995, 0.7100021, 1.4524906
Position: 2.2575972, 4.0000005, -1.0314857
Rotation: -1.5707964, -0, 4.712389
