MutagenObjectType: PlacedObject
FormKey: 0020DB:BetterShipPartFlips.esm
FormVersion: 559
Base: 29E425:Starfield.esm
ProjectedDecal:
  WidthScale: 1
  HeightScale: 1
  UnknownFloat: 0.125
  UnknownInt: 2880154369
ConstrainedDecal: 0.67999995, 0.7100021, 1.4524906
Position: -1.2639165, 4.0000005, 0.0021380186
Rotation: -1.5707964, -0, 4.712389
