MutagenObjectType: PlacedObject
FormKey: 0020F5:BetterShipPartFlips.esm
FormVersion: 559
Base: 29E425:Starfield.esm
ProjectedDecal:
  WidthScale: 1
  HeightScale: 1
  UnknownFloat: 0.125
  UnknownInt: 2880154369
ConstrainedDecal: 0.9599997, 0.900002, 1.4524906
Position: 2.2861052, 4.000001, 0.9830122
Rotation: -1.5707964, -0, 4.712389
