MutagenObjectType: PlacedObject
FormKey: 000F3F:BetterShipPartFlips.esm
Base: 1F5656:Starfield.esm
ProjectedDecal:
  WidthScale: 1
  HeightScale: 1
  UnknownFloat: 0.45000002
  UnknownInt: 2880154369
ProjectedDecalReferences:
- 000F37:BetterShipPartFlips.esm
ConstrainedDecal: 2.8766, 2.9785, 0.75
Position: 1.7392063, 2.528191, 0.59080505
Rotation: -3.1415925, -0.72356105, 3.1
