MutagenObjectType: PlacedObject
FormKey: 001516:BetterShipPartFlips.esm
FormVersion: 559
Base: 1F5607:Starfield.esm
ProjectedDecal:
  WidthScale: 1
  HeightScale: 1
  UnknownFloat: 0.4
  UnknownInt: 2880154369
ProjectedDecalReferences:
- 001576:BetterShipPartFlips.esm
ConstrainedDecal: 3.1012, 2.8753, 0.7499999
Position: 4.258, 2.373, 1.852
Rotation: 6.981317E-05, 3.1430066, 1.5707963
