MutagenObjectType: PlacedObject
FormKey: 0014C9:BetterShipPartFlips.esm
FormVersion: 559
Base: 1F5607:Starfield.esm
ProjectedDecal:
  WidthScale: 1
  HeightScale: 1
  UnknownFloat: 0.4
  UnknownInt: 2880154369
ProjectedDecalReferences:
- 001573:BetterShipPartFlips.esm
ConstrainedDecal: 3.1012, 2.8753, 0.7499999
Position: -4.287, 2.414, -1.75
Rotation: 6.283116, 0.00026179937, 4.712389
