MutagenObjectType: PlacedObject
FormKey: 0014C7:BetterShipPartFlips.esm
Base: 1F564D:Starfield.esm
ProjectedDecal:
  WidthScale: 1
  HeightScale: 1
  UnknownFloat: 0.4
  UnknownInt: 2880154369
ProjectedDecalReferences:
- 001573:BetterShipPartFlips.esm
ConstrainedDecal: 4.7743006, 4.223094, 0.75
Position: -1.546, 3.31, -1.38
Rotation: 4.7188816, 1.769153, 0.0063809236
