MutagenObjectType: PlacedObject
FormKey: 0008B4:BetterShipPartFlips.esm
Base: 1F565A:Starfield.esm
ProjectedDecal:
  WidthScale: 1
  HeightScale: 1
  UnknownFloat: 0.15200001
  UnknownInt: 2880154369
ProjectedDecalReferences:
- 0008B7:BetterShipPartFlips.esm
ConstrainedDecal: 2.67, 3.27, 0.75
Position: 2.5129802, -1.4097998, 1.1511046
Rotation: -2.8252938, 0.39048862, 0.12392546
