MutagenObjectType: PlacedObject
FormKey: 001802:BetterShipPartFlips.esm
Base: 1F564E:Starfield.esm
ProjectedDecal:
  WidthScale: 1
  HeightScale: 1
  UnknownFloat: 0.4
  UnknownInt: 2880154369
ProjectedDecalReferences:
- 001839:BetterShipPartFlips.esm
ConstrainedDecal: 6.5918, 4.4891, 0.97489405
Position: -3.8818, -5.1213, -0.572
Rotation: 6.151413, 6.283005, 1.5707718
