MutagenObjectType: PlacedObject
FormKey: 002371:BetterShipPartFlips.esm
FormVersion: 559
Base: 1F568E:Starfield.esm
ProjectedDecal:
  WidthScale: 1
  HeightScale: 1
  UnknownFloat: 0.6
  UnknownInt: 2880154369
ProjectedDecalReferences:
- 002362:BetterShipPartFlips.esm
ConstrainedDecal: 2.169999, 2.0699992, 0.75
Position: -0.4423796, 2.7122235, 0.44237256
Rotation: -1.5707967, 1.0900564, 3.605386
