MutagenObjectType: PlacedObject
FormKey: 002367:BetterShipPartFlips.esm
FormVersion: 559
Base: 099C76:Starfield.esm
ProjectedDecal:
  WidthScale: 1
  HeightScale: 1
  UnknownFloat: 0.4
  UnknownInt: 2880154369
ProjectedDecalReferences:
- 002362:BetterShipPartFlips.esm
ConstrainedDecal: 3.5499997, 2.1799998, 1.469905
Position: -3.234002, 2.269927, 0.52026004
Rotation: 1.5707965, -1.5402708, 3.1415927
