MutagenObjectType: PlacedObject
FormKey: 00236A:BetterShipPartFlips.esm
FormVersion: 559
Base: 099C92:Starfield.esm
ProjectedDecal:
  WidthScale: 1
  HeightScale: 1
  UnknownFloat: 0.6
  UnknownInt: 2880154369
ProjectedDecalReferences:
- 002362:BetterShipPartFlips.esm
ConstrainedDecal: 5.219999, 6.470003, 1.4102595
Position: -2.1609201, 3.2030456, 1.1845312
Rotation: 3.1415927, -0, 4.6617966
