MutagenObjectType: PlacedObject
FormKey: 00236F:BetterShipPartFlips.esm
FormVersion: 559
Base: 1F568E:Starfield.esm
ProjectedDecal:
  WidthScale: 1
  HeightScale: 1
  UnknownFloat: 0.4
  UnknownInt: 2880154369
ProjectedDecalReferences:
- 002362:BetterShipPartFlips.esm
ConstrainedDecal: 2.169999, 2.0699992, 0.75
Position: -0.958938, -1.353959, 1.5816584
Rotation: -2.9668899, 0.15177067, 4.401983
