MutagenObjectType: PlacedObject
FormKey: 001972:BetterShipPartFlips.esm
FormVersion: 559
Base: 099C74:Starfield.esm
ProjectedDecal:
  WidthScale: 1
  HeightScale: 1
  UnknownFloat: 0.6
  UnknownInt: 2880154369
ProjectedDecalReferences:
- 001976:BetterShipPartFlips.esm
ConstrainedDecal: 3.7009, 1.6618, 1.1277056
Position: 4.6672, -5.9106, -0.5057
Rotation: 4.712122, 6.281855, 6.084085
