MutagenObjectType: PlacedObject
FormKey: 00196D:BetterShipPartFlips.esm
FormVersion: 559
Base: 1F564F:Starfield.esm
ProjectedDecal:
  WidthScale: 1
  HeightScale: 1
  UnknownFloat: 0.4
  UnknownInt: 2880154369
ProjectedDecalReferences:
- 001976:BetterShipPartFlips.esm
ConstrainedDecal: 3.1669, 3.0297, 0.7506534
Position: -4.1322, -6.0993, 0.3006
Rotation: 6.2831206, 4.711476, 1.5707631
