MutagenObjectType: PlacedObject
FormKey: 000AC0:BetterShipPartFlips.esm
Base: 099C8C:Starfield.esm
ProjectedDecal:
  WidthScale: 1
  HeightScale: 1
  UnknownFloat: 0.467
  UnknownInt: 2880154369
ConstrainedDecal: 4, 2, 0.5
Position: -1.25, -2.5909486, -0.9715398
Rotation: 2.2954917, -1.5707964, 2.4061093
