MutagenObjectType: PlacedObject
FormKey: 00202F:BetterShipPartFlips.esp
FormVersion: 559
Base: 1E867E:Starfield.esm
ProjectedDecal:
  WidthScale: 1
  HeightScale: 1
  UnknownFloat: 0.22499996
  UnknownInt: 2880154369
ConstrainedDecal: 2.5399995, 2.7400012, 0.1
Position: 2.3828976, 3.865277, -0.17630637
Rotation: -1.5707964, 0, 1.5707964
