MutagenObjectType: PlacedObject
FormKey: 002029:BetterShipPartFlips.esp
FormVersion: 559
Base: 1E867E:Starfield.esm
ProjectedDecal:
  WidthScale: 1
  HeightScale: 1
  UnknownFloat: 0.4
  UnknownInt: 2880154369
ConstrainedDecal: 8, 8, 0.1
Position: 3.9156263, -0.2902764, 0.4373976
Rotation: 1.5707964, 1.5707964, -0
