MutagenObjectType: PlacedObject
FormKey: 00202C:BetterShipPartFlips.esp
FormVersion: 559
Base: 1F5648:Starfield.esm
ProjectedDecal:
  WidthScale: 1
  HeightScale: 1
  UnknownFloat: 0.975
  UnknownInt: 2880154369
ConstrainedDecal: 1.6675022, 2.1624997, 0.5
Position: 3.0670621, -0.6573447, -1.8389001
Rotation: 0, 0, 3.1415927
