MutagenObjectType: PlacedObject
FormKey: 002025:BetterShipPartFlips.esp
FormVersion: 559
Base: 29E425:Starfield.esm
ProjectedDecal:
  WidthScale: 1
  HeightScale: 1
  UnknownFloat: 0.22499996
  UnknownInt: 2880154369
ConstrainedDecal: 0.9600013, 0.9600023, 0.1
Position: 3.880605, -2.2813387, 0.47624218
Rotation: 1.5707964, 1.5707964, 3.1415927
