MutagenObjectType: PlacedObject
FormKey: 00201A:BetterShipPartFlips.esp
FormVersion: 559
Base: 1E867E:Starfield.esm
ProjectedDecal:
  WidthScale: 1
  HeightScale: 1
  UnknownFloat: 0.4
  UnknownInt: 2880154369
ConstrainedDecal: 8, 8, 0.1
Position: 3.0866358, -3.8837087, 0.26212656
Rotation: 1.5707964, -0, 1.5707964
