MutagenObjectType: PlacedObject
FormKey: 002027:BetterShipPartFlips.esp
FormVersion: 559
Base: 1F5648:Starfield.esm
ProjectedDecal:
  WidthScale: 1
  HeightScale: 1
  UnknownFloat: 0.975
  UnknownInt: 2880154369
ConstrainedDecal: 1.6675022, 2.1624997, 0.5
Position: 3.0861318, -3.9176462, 0.33512533
Rotation: 1.5623049, -0, 3.1415927
