MutagenObjectType: PlacedObject
FormKey: 00202E:BetterShipPartFlips.esp
FormVersion: 559
Base: 1E867E:Starfield.esm
ProjectedDecal:
  WidthScale: 1
  HeightScale: 1
  UnknownFloat: 0.19999996
  UnknownInt: 2880154369
ConstrainedDecal: 8, 8, 0.1
Position: 2.3938909, 0.25395823, -1.7833962
Rotation: 0, 0, 3.1415927
