MutagenObjectType: PlacedObject
FormKey: 00200F:BetterShipPartFlips.esp
FormVersion: 559
Base: 29E425:Starfield.esm
ProjectedDecal:
  WidthScale: 1
  HeightScale: 1
  UnknownFloat: 0.15
  UnknownInt: 2880154369
ConstrainedDecal: 1.0100007, 1.2700026, 0.1
Position: 2.1748555, 3.8731477, -0.15570283
Rotation: -1.5707964, 0, 1.5707964
