MutagenObjectType: PlacedObject
FormKey: 00201B:BetterShipPartFlips.esp
FormVersion: 559
Base: 1F5648:Starfield.esm
ProjectedDecal:
  WidthScale: 1
  HeightScale: 1
  UnknownFloat: 0.975
  UnknownInt: 2880154369
ConstrainedDecal: 1.6675022, 2.1624997, 0.5
Position: 0.5708418, -3.171761, -0.28424537
Rotation: -1.5707964, -1.5707964, 3.1415927
