MutagenObjectType: PlacedObject
FormKey: 00201C:BetterShipPartFlips.esp
FormVersion: 559
Base: 29E425:Starfield.esm
ProjectedDecal:
  WidthScale: 1
  HeightScale: 1
  UnknownFloat: 0.15
  UnknownInt: 2880154369
ConstrainedDecal: 0.72999996, 1.000003, 0.1
Position: 0.5615678, -0.95145166, 0.86653465
Rotation: -0.6749789, -1.5707964, 0.67497903
