MutagenObjectType: PlacedObject
FormKey: 0018F5:BetterShipPartFlips.esm
FormVersion: 559
Base: 1F564F:Starfield.esm
ProjectedDecal:
  WidthScale: 1
  HeightScale: 1
  UnknownFloat: 0.4
  UnknownInt: 2880154369
ProjectedDecalReferences:
- 00197A:BetterShipPartFlips.esm
ConstrainedDecal: 3.1669, 3.0297, 0.7506534
Position: 6.1202, 4.1322, -0.342
Rotation: 0.06644294, 4.713305, 3.2079744
