MutagenObjectType: PlacedObject
FormKey: 0018F3:BetterShipPartFlips.esm
FormVersion: 559
Base: 099C8C:Starfield.esm
ProjectedDecal:
  WidthScale: 1
  HeightScale: 1
  UnknownFloat: 0.63500005
  UnknownInt: 2880154369
ProjectedDecalReferences:
- 00197A:BetterShipPartFlips.esm
ConstrainedDecal: 8, 2, 0.83816653
Position: 5.8984, -1.8580999, -0.100999996
Rotation: 4.712389, 0.44291916, 5.1553097
