MutagenObjectType: PlacedObject
FormKey: 0042E9:BetterShipPartFlips.esp
FormVersion: 559
Base: 001E19:Starfield.esm
LinkedReferences:
- Reference: 00B101:Starfield.esm
IsLinkedRefTransient: True
Scale: 0.19
Position: 3.5070155, -1.2200688, -1.1252607
Rotation: 0.35198972, -7.842717E-08, 4.7123885
