MutagenObjectType: PlacedObject
FormKey: 0042F1:BetterShipPartFlips.esp
FormVersion: 559
Base: 1F5606:Starfield.esm
ProjectedDecal:
  WidthScale: 1
  HeightScale: 1
  UnknownFloat: 0.8
  UnknownInt: 2880154369
ConstrainedDecal: 2.7532, 2.6176, 0.386868
Position: -1.2976198, -2.0910354, -1.4470885
Rotation: -0, 0.0004370629, 3.1415927
