MutagenObjectType: PlacedObject
FormKey: 0042DF:BetterShipPartFlips.esp
FormVersion: 559
Base: 001E19:Starfield.esm
LinkedReferences:
- Reference: 00B102:Starfield.esm
IsLinkedRefTransient: True
Scale: 0.19
Position: 3.5033662, 1.1887671, -1.1374415
Rotation: -0.35198972, 1.5685434E-07, 1.5707963
