MutagenObjectType: PlacedObject
FormKey: 0042F0:BetterShipPartFlips.esp
FormVersion: 559
Base: 1F564F:Starfield.esm
ProjectedDecal:
  WidthScale: 1
  HeightScale: 1
  UnknownFloat: 0.6
  UnknownInt: 2880154369
ConstrainedDecal: 3.5484, 3.2545, 0.386868
Position: 1.0539243, -3.849834, 0.090964794
Rotation: 1.5707964, -0, 1.5707964
