MutagenObjectType: PlacedObject
FormKey: 001F39:BetterShipPartFlips.esp
FormVersion: 559
Base: 1F560E:Starfield.esm
ProjectedDecal:
  WidthScale: 1
  HeightScale: 1
  UnknownFloat: 0.17499995
  UnknownInt: 2880154369
ConstrainedDecal: 4, 2, 0.5
Position: -1.4141341, 0.95919037, -1.501952
Rotation: -0, 1.192093E-07, 1.5707963
