MutagenObjectType: PlacedObject
FormKey: 00101C:BetterShipPartFlips.esm
FormVersion: 559
Base: 1F563F:Starfield.esm
ProjectedDecal:
  WidthScale: 1
  HeightScale: 1
  UnknownFloat: 0.522
  UnknownInt: 2880154369
ProjectedDecalReferences:
- 001000:BetterShipPartFlips.esm
ConstrainedDecal: 1.4847, 1.4562, 0.6459924
Position: 2.4354885, 0.7241084, 1.2128738
Rotation: -2.8832412, 0.19309878, 3.2707968
