MutagenObjectType: PlacedObject
FormKey: 00225C:BetterShipPartFlips.esp
FormVersion: 559
Base: 1F5674:Starfield.esm
ProjectedDecal:
  WidthScale: 1
  HeightScale: 1
  UnknownFloat: 0.4
  UnknownInt: 2880154369
ProjectedDecalReferences:
- 002240:BetterShipPartFlips.esp
ConstrainedDecal: 2.4800014, 2.5300014, 2
Position: 2.2511768, 6.507632, 1.2636385
Rotation: -2.075985, 0.58796185, 3.8805299
