MutagenObjectType: PlacedObject
FormKey: 002258:BetterShipPartFlips.esp
FormVersion: 559
Base: 099C90:Starfield.esm
ProjectedDecal:
  WidthScale: 1
  HeightScale: 1
  UnknownFloat: 0.6
  UnknownInt: 2880154369
ProjectedDecalReferences:
- 002240:BetterShipPartFlips.esp
ConstrainedDecal: 2.2798805, 0.5400007, 0.5
Position: -1.116312, 0.5398873, 3.6456802
Rotation: 3.1415927, -0.2858304, 1.5707965
