MutagenObjectType: PlacedObject
FormKey: 002247:BetterShipPartFlips.esp
FormVersion: 559
Base: 099C9B:Starfield.esm
ProjectedDecal:
  WidthScale: 1
  HeightScale: 1
  UnknownFloat: 0.8
  UnknownInt: 2880154369
ConstrainedDecal: 5.2200003, 5.709998, 1.9637766
Position: 1.4062672, 6.1299505, -2.563232
Rotation: -0.74983734, 0.366894, 1.5707964
