MutagenObjectType: PlacedObject
FormKey: 002248:BetterShipPartFlips.esp
FormVersion: 559
Base: 1F563E:Starfield.esm
ProjectedDecal:
  WidthScale: 1
  HeightScale: 1
  UnknownFloat: 0.8
  UnknownInt: 2880154369
ConstrainedDecal: 3.759502, 3.188922, 1.7462592
Position: 2.0513105, 2.3097503, 3.220791
Rotation: 3.1415927, 0.6247824, 1.5707964
