MutagenObjectType: PlacedObject
FormKey: 00224E:BetterShipPartFlips.esp
FormVersion: 559
Base: 099C9B:Starfield.esm
ProjectedDecal:
  WidthScale: 1
  HeightScale: 1
  UnknownFloat: 0.8
  UnknownInt: 2880154369
ConstrainedDecal: 5.2200003, 5.709998, 1.9637766
Position: -0.49638367, 4.8288403, 3.6012936
Rotation: -2.8413234, -0.150575, 1.5707964
