MutagenObjectType: PlacedObject
FormKey: 002243:BetterShipPartFlips.esp
FormVersion: 559
Base: 099C9B:Starfield.esm
ProjectedDecal:
  WidthScale: 1
  HeightScale: 1
  UnknownFloat: 0.6
  UnknownInt: 2880154369
ProjectedDecalReferences:
- 002240:BetterShipPartFlips.esp
ConstrainedDecal: 5.2200003, 5.7099986, 2.9800236
Position: -3.1751528, 6.331726, -0.21273816
Rotation: -1.5707964, -0, 1.5707964
