MutagenObjectType: PlacedObject
FormKey: 00224C:BetterShipPartFlips.esp
FormVersion: 559
Base: 1F5655:Starfield.esm
ProjectedDecal:
  WidthScale: 1
  HeightScale: 1
  UnknownFloat: 0.2
  UnknownInt: 2880154369
ProjectedDecalReferences:
- 002240:BetterShipPartFlips.esp
ConstrainedDecal: 6.2400026, 7.038929, 2.2028422
Position: -2.7655513, 0.6888043, 2.625101
Rotation: -3.1415927, -0.8130155, -0
