MutagenObjectType: PlacedObject
FormKey: 00224D:BetterShipPartFlips.esp
FormVersion: 559
Base: 1F563E:Starfield.esm
ProjectedDecal:
  WidthScale: 1
  HeightScale: 1
  UnknownFloat: 0.8
  UnknownInt: 2880154369
ConstrainedDecal: 3.508325, 3.1889224, 1.7462592
Position: -1.9351861, -2.161252, 2.9428
Rotation: 3.1415927, -0.23645604, 4.712389
