MutagenObjectType: PlacedObject
FormKey: 000E9A:BetterShipPartFlips.esm
FormVersion: 559
Base: 1F564D:Starfield.esm
ProjectedDecal:
  WidthScale: 1
  HeightScale: 1
  UnknownFloat: 0.45000002
  UnknownInt: 2880154369
ProjectedDecalReferences:
- 000E99:BetterShipPartFlips.esm
ConstrainedDecal: 4, 2.7247, 0.75
Position: 1.8227522, -0.2559172, 0.66442347
Rotation: 3.1400065, -0.72456104, 0.0010513621
