MutagenObjectType: PlacedObject
FormKey: 00189C:BetterShipPartFlips.esm
FormVersion: 559
Base: 1F5655:Starfield.esm
ProjectedDecal:
  WidthScale: 1
  HeightScale: 1
  UnknownFloat: 0.6
  UnknownInt: 2880154369
ProjectedDecalReferences:
- 0018D9:BetterShipPartFlips.esm
ConstrainedDecal: 4.5928, 3.51, 0.5000001
Position: -0.2212, -0.6116, -1.7512
Rotation: 0.0010255995, 6.283028, 6.223188
