MutagenObjectType: PlacedObject
FormKey: 001897:BetterShipPartFlips.esm
Base: 1F5605:Starfield.esm
ProjectedDecal:
  WidthScale: 1
  HeightScale: 1
  UnknownFloat: 0.6
  UnknownInt: 2880154369
ProjectedDecalReferences:
- 0018D9:BetterShipPartFlips.esm
ConstrainedDecal: 4.0488, 3.51, 0.75065345
Position: 1.4847, -2.6735, -0.9575
Rotation: 4.713555, 0.005880014, 1.3863988
