MutagenObjectType: PlacedObject
FormKey: 000822:BSPF-ShipColorize-Patch.esp
FormVersion: 559
Base: 29E425:Starfield.esm
ProjectedDecal:
  WidthScale: 1
  HeightScale: 1
  UnknownFloat: 0.35000044
  UnknownInt: 2880154369
ConstrainedDecal: 3.8799999, 3.9499989, 0.1
Position: -1.1690621, 3.6345515, 1.5025775
Rotation: 3.1415927, -0, 4.097787
