MutagenObjectType: PlacedObject
FormKey: 000826:BSPF-ShipColorize-Patch.esp
FormVersion: 559
Base: 1F5648:Starfield.esm
ProjectedDecal:
  WidthScale: 1
  HeightScale: 1
  UnknownFloat: 0.7750002
  UnknownInt: 2880154369
ConstrainedDecal: 4, 2, 0.75
Position: 3.7519526, -0.002369653, -0.02510945
Rotation: 1.5707963, 1.5707964, 0
