MutagenObjectType: PlacedObject
FormKey: 00081C:BSPF-ShipColorize-Patch.esp
FormVersion: 559
Base: 1F5648:Starfield.esm
ProjectedDecal:
  WidthScale: 1
  HeightScale: 1
  UnknownFloat: 0.7750002
  UnknownInt: 2880154369
ConstrainedDecal: 4, 2, 0.75
Position: 0.6396545, -3.7519534, -0.009931013
Rotation: 1.5707961, 2.891253E-08, 0
