MutagenObjectType: PlacedObject
FormKey: 000819:BSPF-ShipColorize-Patch.esp
FormVersion: 559
Base: 1F560E:Starfield.esm
ProjectedDecal:
  WidthScale: 1
  HeightScale: 1
  UnknownFloat: 0.37500003
  UnknownInt: 2880154369
ConstrainedDecal: 3.8200002, 1.6200001, 0.5
Position: 0.45028812, -0.5793191, 1.5000005
Rotation: 3.1415925, -1.1565001E-07, 1.5707964
