MutagenObjectType: PlacedObject
FormKey: 000818:BSPF-ShipColorize-Patch.esp
FormVersion: 559
Base: 1E867E:Starfield.esm
ProjectedDecal:
  WidthScale: 1
  HeightScale: 1
  UnknownFloat: 0.42500046
  UnknownInt: 2880154369
ConstrainedDecal: 8, 8, 0.1
Position: -0.6984329, 0.055415794, -1.4999999
Rotation: -2.8308418E-07, 1.1565001E-07, 0
