MutagenObjectType: PlacedObject
FormKey: 000821:BSPF-ShipColorize-Patch.esp
FormVersion: 559
Base: 025561:Starfield.esm
ProjectedDecal:
  WidthScale: 1
  HeightScale: 1
  UnknownFloat: 0.42500046
  UnknownInt: 2880154369
ConstrainedDecal: 2.140001, 1.7900009, 0.5
Position: 1.7604067, -0.17960119, 1.4442267
Rotation: 3.1415927, -2.6310823E-07, 5.2831855
