MutagenObjectType: PlacedObject
FormKey: 000813:BSPF-ShipColorize-Patch.esp
FormVersion: 559
Base: 1E867E:Starfield.esm
ProjectedDecal:
  WidthScale: 1
  HeightScale: 1
  UnknownFloat: 0.45000046
  UnknownInt: 2880154369
ConstrainedDecal: 6.040002, 5.149999, 0.1
Position: 0.19150476, -0.55553615, 1.4999996
Rotation: 3.1415925, -1.1565001E-07, 0
