MutagenObjectType: PlacedObject
FormKey: 000824:BSPF-ShipColorize-Patch.esp
FormVersion: 559
Base: 0C3D85:Starfield.esm
ProjectedDecal:
  WidthScale: 1
  HeightScale: 1
  UnknownFloat: 0.25000042
  UnknownInt: 2880154369
ConstrainedDecal: 2.140001, 1.7900009, 0.5
Position: 0.895164, 1.6550373, -1.4999988
Rotation: -2.8308418E-07, 1.1565001E-07, 3.1415927
