MutagenObjectType: PlacedObject
FormKey: 000820:BSPF-ShipColorize-Patch.esp
FormVersion: 559
Base: 1F560E:Starfield.esm
ProjectedDecal:
  WidthScale: 1
  HeightScale: 1
  UnknownFloat: 0.2
  UnknownInt: 2880154369
ConstrainedDecal: 1.1200019, 1.4400003, 0.5
Position: -3.7499995, 0.054538544, 0.035474826
Rotation: -1.5707963, -1.5707964, 0
