MutagenObjectType: PlacedObject
FormKey: 000812:BSPF-ShipColorize-Patch.esp
FormVersion: 559
Base: 1F560E:Starfield.esm
ProjectedDecal:
  WidthScale: 1
  HeightScale: 1
  UnknownFloat: 0.37500003
  UnknownInt: 2880154369
ConstrainedDecal: 3.8200002, 1.6200001, 0.5
Position: -0.41003472, 3.751953, 0.20942172
Rotation: -1.5707966, -2.891253E-08, 1.5707964
