MutagenObjectType: PlacedObject
FormKey: 000DD4:BetterShipPartFlips.esm
FormVersion: 559
Base: 1F5692:Starfield.esm
ProjectedDecal:
  WidthScale: 1
  HeightScale: 1
  UnknownFloat: 1
  UnknownInt: 2880154369
ProjectedDecalReferences:
- 000DCC:BetterShipPartFlips.esm
ConstrainedDecal: 3.2977, 1.2149, 0.75
Position: -1.2922087, -0.58132124, 0.07267029
Rotation: -3.1385727, -0.0082694525, 3.1415656
