MutagenObjectType: PlacedObject
FormKey: 000C77:BetterShipPartFlips.esm
Base: 1F5605:Starfield.esm
ProjectedDecal:
  WidthScale: 1
  HeightScale: 1
  UnknownFloat: 0.54300004
  UnknownInt: 2880154369
ConstrainedDecal: 2.2, 1.55, 0.75
Position: -0.017970853, 2.7732542, -0.021118164
Rotation: -3.1415927, -0, 0
