MutagenObjectType: PlacedObject
FormKey: 0023BF:BetterShipPartFlips.esm
FormVersion: 559
Base: 001E1B:Starfield.esm
Scale: 0.28
Position: -1.5047657, -0.09215343, -1.6896243
Rotation: -3.1415927, -0, 0
