MutagenObjectType: PlacedObject
FormKey: 0023BD:BetterShipPartFlips.esm
FormVersion: 559
Base: 001E1B:Starfield.esm
Scale: 0.28
Position: -0.07252431, 1.4837047, -1.7011714
Rotation: -3.1415927, -0, 0
