MutagenObjectType: PlacedObject
FormKey: 00158B:BetterShipPartFlips.esp
FormVersion: 559
Base: 1F564F:Starfield.esm
ProjectedDecal:
  WidthScale: 1
  HeightScale: 1
  UnknownFloat: 0.4
  UnknownInt: 2880154369
ConstrainedDecal: 4, 2.5637, 0.75
Position: -3.0367415, -2.5708303, -0.014272773
Rotation: 1.5707963, -1.2679815, 0
