MutagenObjectType: PlacedObject
FormKey: 00158E:BetterShipPartFlips.esp
FormVersion: 559
Base: 099C8C:Starfield.esm
ProjectedDecal:
  WidthScale: 1
  HeightScale: 1
  UnknownFloat: 0.6
  UnknownInt: 2880154369
ConstrainedDecal: 6.0169, 1.4452, 0.8888065
Position: -3.3832872, -0.3217402, 0.74991775
Rotation: 1.5707963, -1.3226628, 0
