MutagenObjectType: PlacedObject
FormKey: 0022EB:BetterShipPartFlips.esm
FormVersion: 559
Base: 1F568E:Starfield.esm
ProjectedDecal:
  WidthScale: 1
  HeightScale: 1
  UnknownFloat: 0.6
  UnknownInt: 2880154369
ProjectedDecalReferences:
- 0022DE:BetterShipPartFlips.esm
ConstrainedDecal: 1.6299988, 1.8899999, 0.75
Position: 3.5775638, -2.420907, 0.5819963
Rotation: -3.1415927, 1.2042313, 4.6741858
