MutagenObjectType: PlacedObject
FormKey: 0022FB:BetterShipPartFlips.esm
FormVersion: 559
Base: 1F568E:Starfield.esm
ProjectedDecal:
  WidthScale: 1
  HeightScale: 1
  UnknownFloat: 0.6
  UnknownInt: 2880154369
ProjectedDecalReferences:
- 0022DE:BetterShipPartFlips.esm
ConstrainedDecal: 1.6299988, 1.8899999, 0.75
Position: 0.19287372, 1.5170027, 1.1752146
Rotation: -3.1415925, 0.5987839, 2.2979999
