MutagenObjectType: PlacedObject
FormKey: 0022FE:BetterShipPartFlips.esm
FormVersion: 559
Base: 1F568E:Starfield.esm
ProjectedDecal:
  WidthScale: 1
  HeightScale: 1
  UnknownFloat: 0.6
  UnknownInt: 2880154369
ProjectedDecalReferences:
- 0022DE:BetterShipPartFlips.esm
ConstrainedDecal: 1.6299988, 1.8899999, 0.98217183
Position: 0.48376065, -2.6473854, -0.7826675
Rotation: 0.06845817, 0.8904492, 3.6948416
