MutagenObjectType: PlacedObject
FormKey: 0022EC:BetterShipPartFlips.esm
FormVersion: 559
Base: 1F5688:Starfield.esm
ProjectedDecal:
  WidthScale: 1
  HeightScale: 1
  UnknownFloat: 0.6
  UnknownInt: 2880154369
ProjectedDecalReferences:
- 0022DE:BetterShipPartFlips.esm
ConstrainedDecal: 2.3100019, 1.0200009, 0.75
Position: -1.5969512, -2.882586, 0.7684134
Rotation: -3.1415927, -1.0444604, -0
