MutagenObjectType: PlacedObject
FormKey: 0022F2:BetterShipPartFlips.esm
FormVersion: 559
Base: 1F5688:Starfield.esm
ProjectedDecal:
  WidthScale: 1
  HeightScale: 1
  UnknownFloat: 0.6
  UnknownInt: 2880154369
ProjectedDecalReferences:
- 0022DE:BetterShipPartFlips.esm
ConstrainedDecal: 2.3100019, 1.0200009, 0.75
Position: 1.9376898, 1.2464025, 1.2564617
Rotation: -3.1415927, -0.44856215, 3.1415927
