MutagenObjectType: PlacedObject
FormKey: 0022EE:BetterShipPartFlips.esm
FormVersion: 559
Base: 1F568E:Starfield.esm
ProjectedDecal:
  WidthScale: 1
  HeightScale: 1
  UnknownFloat: 0.6
  UnknownInt: 2880154369
ProjectedDecalReferences:
- 0022DE:BetterShipPartFlips.esm
ConstrainedDecal: 1.6299988, 1.8899999, 0.75
Position: 0.46732783, 0.5529432, 1.0175694
Rotation: 3.1415925, 1.0444596, 5.262993
