MutagenObjectType: PlacedObject
FormKey: 00230F:BetterShipPartFlips.esm
FormVersion: 559
Base: 1F568E:Starfield.esm
ProjectedDecal:
  WidthScale: 1
  HeightScale: 1
  UnknownFloat: 0.6
  UnknownInt: 2880154369
ProjectedDecalReferences:
- 0022DE:BetterShipPartFlips.esm
ConstrainedDecal: 1.6299987, 1.8899999, 1.3070276
Position: 2.4009297, -3.508251, 0.5666081
Rotation: 1.5707965, -0, 1.5707965
