MutagenObjectType: PlacedObject
FormKey: 00230D:BetterShipPartFlips.esm
FormVersion: 559
Base: 1F568E:Starfield.esm
ProjectedDecal:
  WidthScale: 1
  HeightScale: 1
  UnknownFloat: 0.6
  UnknownInt: 2880154369
ProjectedDecalReferences:
- 0022DE:BetterShipPartFlips.esm
ConstrainedDecal: 1.6299988, 1.8899999, 0.75
Position: 0.35978913, -0.43618238, -1.0853246
Rotation: -4.1991737E-07, 0.59555507, 4.082007
