MutagenObjectType: PlacedObject
FormKey: 002312:BetterShipPartFlips.esm
FormVersion: 559
Base: 1F5688:Starfield.esm
ProjectedDecal:
  WidthScale: 1
  HeightScale: 1
  UnknownFloat: 0.6
  UnknownInt: 2880154369
ProjectedDecalReferences:
- 0022DE:BetterShipPartFlips.esm
ConstrainedDecal: 2.3100019, 1.0200009, 0.75
Position: 1.5767238, 2.8911407, 1.0072608
Rotation: -2.99108, -0.74043596, 3.0396395
