MutagenObjectType: PlacedObject
FormKey: 00230E:BetterShipPartFlips.esm
FormVersion: 559
Base: 099C8E:Starfield.esm
ProjectedDecal:
  WidthScale: 1
  HeightScale: 1
  UnknownFloat: 0.6
  UnknownInt: 2880154369
ProjectedDecalReferences:
- 0022DE:BetterShipPartFlips.esm
ConstrainedDecal: 1.5627267, 0.51000077, 0.5
Position: 2.7181416, -0.084680915, 1.2996775
Rotation: 3.1415927, 0.15394431, 1.5780007
