MutagenObjectType: PlacedObject
FormKey: 001014:BetterShipPartFlips.esm
Base: 1F563D:Starfield.esm
ProjectedDecal:
  WidthScale: 1
  HeightScale: 1
  UnknownFloat: 1
  UnknownInt: 2880154369
ProjectedDecalReferences:
- 000FFF:BetterShipPartFlips.esm
ConstrainedDecal: 2.4093046, 0.86806655, 0.6459926
Position: 2.3123927, 1.4374002, -0.89947045
Rotation: -0.35714495, 4.7824933E-08, 3.1657965
