MutagenObjectType: PlacedObject
FormKey: 0018CF:BetterShipPartFlips.esm
FormVersion: 559
Base: 1F5655:Starfield.esm
ProjectedDecal:
  WidthScale: 1
  HeightScale: 1
  UnknownFloat: 0.6
  UnknownInt: 2880154369
ProjectedDecalReferences:
- 0018D8:BetterShipPartFlips.esm
ConstrainedDecal: 4.5928, 3.51, 0.5000001
Position: 4.4834, 1.9342, -1.7414
Rotation: 0.0015417859, 0.0010555079, 1.5707946
