MutagenObjectType: PlacedObject
FormKey: 0018CC:BetterShipPartFlips.esm
FormVersion: 559
Base: 099C74:Starfield.esm
ProjectedDecal:
  WidthScale: 1
  HeightScale: 1
  UnknownFloat: 0.6
  UnknownInt: 2880154369
ProjectedDecalReferences:
- 0018D8:BetterShipPartFlips.esm
ConstrainedDecal: 3.7009, 1.6618, 0.94065386
Position: -4.6847, 1.9248999, -0.4789
Rotation: 4.712466, 0.00038048177, 2.9424958
