MutagenObjectType: PlacedObject
FormKey: 00087A:BSPF-ShipColorize-Patch.esm
FormVersion: 559
Base: 1F560E:Starfield.esm
ProjectedDecal:
  WidthScale: 1
  HeightScale: 1
  UnknownFloat: 0.42499995
  UnknownInt: 2880154369
ConstrainedDecal: 2.3200016, 0.94999945, 0.5
Position: 3.0911424, -0.20464051, 1.4999022
Rotation: -3.1415927, -0, 4.712389
