MutagenObjectType: PlacedObject
FormKey: 000876:BSPF-ShipColorize-Patch.esm
FormVersion: 559
Base: 003316:Starfield.esm
ConstrainedDecal: 6, 1, 0.5
Position: 0.5322684, 0.0086281, 1.5000002
Rotation: 3.1415925, 4.768372E-07, 1.5707964
