MutagenObjectType: PlacedObject
FormKey: 00087E:BSPF-ShipColorize-Patch.esm
FormVersion: 559
Base: 1F560E:Starfield.esm
ProjectedDecal:
  WidthScale: 1
  HeightScale: 1
  UnknownFloat: 0.5749999
  UnknownInt: 2880154369
ConstrainedDecal: 3.070001, 1.2099997, 0.5
Position: 0.32785767, 0.9933536, 1.5860403
Rotation: -3.1415927, -0, 4.712389
