MutagenObjectType: PlacedObject
FormKey: 001FB8:BetterShipPartFlips.esp
FormVersion: 559
Base: 1F5648:Starfield.esm
ProjectedDecal:
  WidthScale: 1
  HeightScale: 1
  UnknownFloat: 0.8750001
  UnknownInt: 2880154369
ConstrainedDecal: 4, 2, 0.75
Position: 1.7199161, 1.5979176, 1.6977764
Rotation: -3.1415925, -0, 0
