MutagenObjectType: PlacedObject
FormKey: 001FBB:BetterShipPartFlips.esp
FormVersion: 559
Base: 1F5648:Starfield.esm
ProjectedDecal:
  WidthScale: 1
  HeightScale: 1
  UnknownFloat: 0.8750001
  UnknownInt: 2880154369
ConstrainedDecal: 4, 2, 0.75
Position: -1.5925865, 3.9296865, 0.14384249
Rotation: -1.5707963, 0, 0
