MutagenObjectType: PlacedObject
FormKey: 001FB3:BetterShipPartFlips.esp
FormVersion: 559
Base: 099C74:Starfield.esm
ProjectedDecal:
  WidthScale: 1
  HeightScale: 1
  UnknownFloat: 0.275
  UnknownInt: 2880154369
ConstrainedDecal: 4, 2, 0.5
Position: 2.7389576, -1.5720421, -1.0900762
Rotation: 1.7482212E-07, 0.29611516, 3.1415927
