MutagenObjectType: PlacedObject
FormKey: 001FB7:BetterShipPartFlips.esp
FormVersion: 559
Base: 1F5648:Starfield.esm
ProjectedDecal:
  WidthScale: 1
  HeightScale: 1
  UnknownFloat: 0.8750001
  UnknownInt: 2880154369
ConstrainedDecal: 4, 2, 0.75
Position: -2.6165698, -2.0207705, 1.6796883
Rotation: -3.1415927, 2.3668123E-07, 4.833185
