MutagenObjectType: PlacedObject
FormKey: 001FB4:BetterShipPartFlips.esp
FormVersion: 559
Base: 1F560E:Starfield.esm
ProjectedDecal:
  WidthScale: 1
  HeightScale: 1
  UnknownFloat: 0.225
  UnknownInt: 2880154369
ConstrainedDecal: 3.8699992, 1.9299992, 0.5
Position: -2.0201428, -3.9277344, 0.40127155
Rotation: 1.5707965, -0, 0
