MutagenObjectType: PlacedObject
FormKey: 001FBD:BetterShipPartFlips.esp
FormVersion: 559
Base: 05ABE9:Starfield.esm
ProjectedDecal:
  WidthScale: 1
  HeightScale: 1
  UnknownFloat: 0.125
  UnknownInt: 2880154369
ConstrainedDecal: 4.1795006, 3.5599985, 0.1
Position: 1.1847256, -1.706385, 1.7711953
Rotation: -3.1415925, -0, 4.712389
