MutagenObjectType: PlacedObject
FormKey: 001FB9:BetterShipPartFlips.esp
FormVersion: 559
Base: 099C74:Starfield.esm
ProjectedDecal:
  WidthScale: 1
  HeightScale: 1
  UnknownFloat: 0.42500004
  UnknownInt: 2880154369
ConstrainedDecal: 4, 2, 0.5
Position: -2.7600524, -1.6848662, -1.0836341
Rotation: 1.7482212E-07, -0.29637533, 3.1415927
