MutagenObjectType: PlacedObject
FormKey: 001FC1:BetterShipPartFlips.esp
FormVersion: 559
Base: 1F560E:Starfield.esm
ProjectedDecal:
  WidthScale: 1
  HeightScale: 1
  UnknownFloat: 0.37500003
  UnknownInt: 2880154369
ConstrainedDecal: 3.12, 1.5999994, 0.5
Position: -2.3516612, -1.7797816, 1.6796883
Rotation: -3.1415925, -0, 4.712389
