MutagenObjectType: PlacedObject
FormKey: 001FB2:BetterShipPartFlips.esp
FormVersion: 559
Base: 1F5648:Starfield.esm
ProjectedDecal:
  WidthScale: 1
  HeightScale: 1
  UnknownFloat: 0.8750001
  UnknownInt: 2880154369
ConstrainedDecal: 4, 2, 0.75
Position: -1.6009917, -3.7581995, 0.012558475
Rotation: 1.5707965, -0, 0
