MutagenObjectType: PlacedObject
FormKey: 001FC8:BetterShipPartFlips.esp
FormVersion: 559
Base: 29E425:Starfield.esm
ProjectedDecal:
  WidthScale: 1
  HeightScale: 1
  UnknownFloat: 0.1
  UnknownInt: 2880154369
ConstrainedDecal: 4.1795006, 3.5599985, 0.1
Position: -2.6048744, -1.600718, 1.6702445
Rotation: -3.1415925, -0, 4.712389
