MutagenObjectType: PlacedObject
FormKey: 00233B:BetterShipPartFlips.esm
FormVersion: 559
Base: 1F568E:Starfield.esm
ProjectedDecal:
  WidthScale: 1
  HeightScale: 1
  UnknownFloat: 0.4
  UnknownInt: 2880154369
ProjectedDecalReferences:
- 002329:BetterShipPartFlips.esm
ConstrainedDecal: 3.2399979, 3.3199987, 0.75
Position: 3.492108, 1.3777666, -3.0468676
Rotation: 2.3312266E-08, -0.09495175, 4.6165934
