MutagenObjectType: PlacedObject
FormKey: 002332:BetterShipPartFlips.esm
FormVersion: 559
Base: 099C8E:Starfield.esm
ProjectedDecal:
  WidthScale: 1
  HeightScale: 1
  UnknownFloat: 0.6
  UnknownInt: 2880154369
ProjectedDecalReferences:
- 002329:BetterShipPartFlips.esm
ConstrainedDecal: 7.95, 1.8700001, 0.5
Position: 0.6774667, 0.022533372, -1.9929488
Rotation: 8.378112E-08, -0.8645978, 4.697843
