MutagenObjectType: PlacedObject
FormKey: 002334:BetterShipPartFlips.esm
FormVersion: 559
Base: 1F564E:Starfield.esm
ProjectedDecal:
  WidthScale: 1
  HeightScale: 1
  UnknownFloat: 0.6
  UnknownInt: 2880154369
ProjectedDecalReferences:
- 002329:BetterShipPartFlips.esm
ConstrainedDecal: 4.0200005, 1.5300004, 0.75
Position: 3.0955343, 0.7256001, 3.333135
Rotation: 3.1415927, -0.29244286, 4.7019353
