MutagenObjectType: PlacedObject
FormKey: 000BB3:BetterShipPartFlips.esm
FormVersion: 559
Base: 099C88:Starfield.esm
ProjectedDecal:
  WidthScale: 1
  HeightScale: 1
  UnknownFloat: 0.6
  UnknownInt: 2880154369
ConstrainedDecal: 4, 2, 0.5
Position: 1.2499995, 3.0110614, -0.24620524
Rotation: 0.16538177, 1.5707964, 4.8415985
