MutagenObjectType: PlacedObject
FormKey: 000CE1:BetterShipPartFlips.esp
FormVersion: 559
Base: 1F563E:Starfield.esm
ProjectedDecal:
  WidthScale: 1
  HeightScale: 1
  UnknownFloat: 0.8
  UnknownInt: 2880154369
ProjectedDecalReferences:
- 000CE0:BetterShipPartFlips.esp
ConstrainedDecal: 4.7498, 4.6091, 0.43482637
Position: -1.1797485, 1.7216566, 1.7821115
Rotation: -3.1414704, -1.5701058, 6.2830634
