MutagenObjectType: PlacedObject
FormKey: 00097A:BetterShipPartFlips.esp
FormVersion: 559
Base: 099C9B:Starfield.esm
ConstrainedDecal: 2.2613993, 4.939521, 8.982643
Position: 0.13687718, -0.24132252, -0.768154
Rotation: -1.5707965, 1.1918353E-07, 1.5500002
