MutagenObjectType: PlacedObject
FormKey: 00097F:BetterShipPartFlips.esp
FormVersion: 559
Base: 1F5634:Starfield.esm
ProjectedDecal:
  WidthScale: 1
  HeightScale: 1
  UnknownFloat: 0.6
  UnknownInt: 2880154369
ProjectedDecalReferences:
- 000979:BetterShipPartFlips.esp
ConstrainedDecal: 4, 2.5496, 1.0703934
Position: 1.2841794, 0.9708533, -0.74105555
Rotation: -2.1563122, 1.5707964, 2.4852831
