MutagenObjectType: PlacedObject
FormKey: 004268:BetterShipPartFlips.esm
FormVersion: 559
Base: 001E19:Starfield.esm
LinkedReferences:
- Reference: 00B166:Starfield.esm
IsLinkedRefTransient: True
Scale: 0.19999999
Position: -1.4706824, -3.0712488, 0.05
Rotation: 1.5707957, -0.51095015, 3.1415935
