MutagenObjectType: PlacedObject
FormKey: 004266:BetterShipPartFlips.esm
MajorRecordFlagsRaw: 256
FormVersion: 559
StarfieldMajorRecordFlags:
- 0x100
Components:
- MutagenObjectType: ContactShadowComponent
  Items:
  - Unknown1: 0.009
    Unknown2: 3
    Unknown3: 10
    Unknown4: 0.2
    Unknown5: 0.06
Base: 0B6A20:Starfield.esm
Radius: -0.41358387
Lighting:
  Fade1PlusMinus: 0.5
LightArea:
  Data: 0x00000000000000000000000000000000
LightRoundedness:
  Data: 0x0000000000000000000000000000000001000000
Position: 1.6522413, -3.3178625, 0.041075934
Rotation: 0, -0, 5.301438
