MutagenObjectType: PlacedObject
FormKey: 000EE5:BetterShipPartFlips.esp
FormVersion: 559
Base: 1F5600:Starfield.esm
ProjectedDecal:
  WidthScale: 1
  HeightScale: 1
  UnknownFloat: 0.45000002
  UnknownInt: 2880154369
ConstrainedDecal: 2.8766003, 2.4374642, 0.75
Position: -1.4838033, 3.9355469, 0.43252075
Rotation: 1.5707964, -0, 1.5707964
