MutagenObjectType: PlacedObject
FormKey: 000EED:BetterShipPartFlips.esp
FormVersion: 559
Base: 1F5650:Starfield.esm
ProjectedDecal:
  WidthScale: 1
  HeightScale: 1
  UnknownFloat: 0.45000002
  UnknownInt: 2880154369
ConstrainedDecal: 2.0903616, 1.9896927, 0.75
Position: 1.7793019, 3.9355469, 0.5416584
Rotation: 1.5707965, -0, 1.5707965
