MutagenObjectType: PlacedObject
FormKey: 0017A2:BetterShipPartFlips.esp
FormVersion: 559
Base: 1F560A:Starfield.esm
ProjectedDecal:
  WidthScale: 1
  HeightScale: 1
  UnknownFloat: 0.4
  UnknownInt: 2880154369
ProjectedDecalReferences:
- 0017AC:BetterShipPartFlips.esp
ConstrainedDecal: 5.3353, 2.7751398, 0.74999976
Position: 1.8153, 6.6114, -0.1014
Rotation: 0.71536505, 1.5810745, 5.4425945
