MutagenObjectType: PlacedObject
FormKey: 0017A8:BetterShipPartFlips.esp
FormVersion: 559
Base: 1F5654:Starfield.esm
ProjectedDecal:
  WidthScale: 1
  HeightScale: 1
  UnknownFloat: 0.6
  UnknownInt: 2880154369
ProjectedDecalReferences:
- 0017AC:BetterShipPartFlips.esp
ConstrainedDecal: 2.9736648, 2.579895, 0.75
Position: -1.749, 0.8088, 1.4681
Rotation: 1.5707963, 1.0760007, 1.5707963
