MutagenObjectType: PlacedObject
FormKey: 000C07:BetterShipPartFlips.esm
Base: 099C88:Starfield.esm
ProjectedDecal:
  WidthScale: 1
  HeightScale: 1
  UnknownFloat: 0.6
  UnknownInt: 2880154369
ConstrainedDecal: 4.76, 2.9, 0.5
Position: 1.2500001, -2.5130541, -0.1759994
Rotation: -1.6545317, 1.5707964, 6.21806
