MutagenObjectType: PlacedObject
FormKey: 00083F:BSPF-ShipColorize-Patch.esm
FormVersion: 559
Base: 1F560E:Starfield.esm
ProjectedDecal:
  WidthScale: 1
  HeightScale: 1
  UnknownFloat: 0.25000003
  UnknownInt: 2880154369
ConstrainedDecal: 4, 2, 0.5
Position: 0.21205029, -3.7500002, -0.067015015
Rotation: 1.5707961, 2.891253E-08, 0
