MutagenObjectType: PlacedObject
FormKey: 000842:BSPF-ShipColorize-Patch.esm
FormVersion: 559
Base: 05ABE9:Starfield.esm
ProjectedDecal:
  WidthScale: 1
  HeightScale: 1
  UnknownFloat: 0.2000004
  UnknownInt: 2880154369
ConstrainedDecal: 4.5399995, 4.3699994, 0.1
Position: -1.9103146, 0.31404278, -1.5019535
Rotation: 5.0845085E-08, 3.015399E-07, 1.3499999
