MutagenObjectType: PlacedObject
FormKey: 004329:BetterShipPartFlips.esp
FormVersion: 559
Base: 1F5653:Starfield.esm
ProjectedDecal:
  WidthScale: 1
  HeightScale: 1
  UnknownFloat: 0.25
  UnknownInt: 2880154369
ProjectedDecalReferences:
- 004327:BetterShipPartFlips.esp
ConstrainedDecal: 2.2276, 2.5753, 3.2414885
Position: 2.551169, 1.9980903, 0.91833687
Rotation: -2.905033, 0.26014736, 0.06192364
