MutagenObjectType: PlacedObject
FormKey: 004335:BetterShipPartFlips.esp
FormVersion: 559
XALG: 0x0008000000000000
Base: 1F5652:Starfield.esm
ProjectedDecal:
  WidthScale: 1
  HeightScale: 1
  UnknownFloat: 0.261
  UnknownInt: 1
ProjectedDecalReferences:
- 004327:BetterShipPartFlips.esp
ConstrainedDecal: 3, 2.4, 2.4
Position: -2.1049, 1.6698494, -0.9999995
Rotation: -0.25465432, -0.2432263, 1.6334052
