MutagenObjectType: PlacedObject
FormKey: 004333:BetterShipPartFlips.esp
FormVersion: 559
Base: 1F55FF:Starfield.esm
ProjectedDecal:
  WidthScale: 1
  HeightScale: 1
  UnknownFloat: 0.25
  UnknownInt: 2880154369
ProjectedDecalReferences:
- 004327:BetterShipPartFlips.esp
ConstrainedDecal: 2.2276, 2.5753, 3.2414885
Position: 2.5373106, -2.220114, 0.82651615
Rotation: 2.5666242, 0.55256736, 5.955324
