MutagenObjectType: PlacedObject
FormKey: 0021AE:BetterShipPartFlips.esp
FormVersion: 559
Base: 1F564A:Starfield.esm
ProjectedDecal:
  WidthScale: 1
  HeightScale: 1
  UnknownFloat: 0.35000044
  UnknownInt: 2880154369
ConstrainedDecal: 2.080001, 1.7200003, 0.75
Position: 0.9886482, -1.4907151, -1.0946131
Rotation: -0, -0.16651537, 3.1415927
