MutagenObjectType: PlacedObject
FormKey: 0021A4:BetterShipPartFlips.esp
FormVersion: 559
Base: 1F564A:Starfield.esm
ProjectedDecal:
  WidthScale: 1
  HeightScale: 1
  UnknownFloat: 0.42500046
  UnknownInt: 2880154369
ConstrainedDecal: 2.080001, 1.7200003, 0.75
Position: 0.8182163, 0.08289523, -1.0578208
Rotation: -0, -0.168576, 3.1415927
