MutagenObjectType: PlacedObject
FormKey: 0021B7:BetterShipPartFlips.esp
FormVersion: 559
Base: 1F560E:Starfield.esm
ProjectedDecal:
  WidthScale: 1
  HeightScale: 1
  UnknownFloat: 0.6999998
  UnknownInt: 2880154369
ConstrainedDecal: 1.4799999, 0.6999999, 0.5
Position: 2.3693845, -0.022994041, 1.2421875
Rotation: -3.1415927, -0, 4.712389
