MutagenObjectType: PlacedObject
FormKey: 0021B2:BetterShipPartFlips.esp
FormVersion: 559
Base: 1785DA:Starfield.esm
ProjectedDecal:
  WidthScale: 1
  HeightScale: 1
  UnknownFloat: 0.27500042
  UnknownInt: 2880154369
ConstrainedDecal: 3.6799974, 3.829998, 0.3
Position: 2.5210047, 3.2167969, 0.14064711
Rotation: -1.5707846, -0.14347248, 3.141591
