MutagenObjectType: PlacedObject
FormKey: 0021B1:BetterShipPartFlips.esp
FormVersion: 559
Base: 1785DA:Starfield.esm
ProjectedDecal:
  WidthScale: 1
  HeightScale: 1
  UnknownFloat: 0.5000005
  UnknownInt: 2880154369
ConstrainedDecal: 1.5299995, 1.4599997, 0.3
Position: 2.5686746, -1.6742135, 1.1705236
Rotation: -3.1415927, -0.004587124, 3.1415927
