MutagenObjectType: PlacedObject
FormKey: 0021A5:BetterShipPartFlips.esp
FormVersion: 559
Base: 1785DA:Starfield.esm
ProjectedDecal:
  WidthScale: 1
  HeightScale: 1
  UnknownFloat: 0.27500042
  UnknownInt: 2880154369
ConstrainedDecal: 3.6799974, 3.829998, 0.3
Position: 0.9092085, 1.5030521, -1.0812612
Rotation: -0, -0.168576, -0
