MutagenObjectType: PlacedObject
FormKey: 001F4B:BetterShipPartFlips.esm
FormVersion: 559
Base: 003316:Starfield.esm
ConstrainedDecal: 6, 1, 0.5
Position: -0.5227998, -0.049895406, 1.4999996
Rotation: -3.1415925, 1.24344996E-14, 4.712389
