MutagenObjectType: PlacedObject
FormKey: 001FA4:BetterShipPartFlips.esp
FormVersion: 559
Base: 1F560E:Starfield.esm
ReferenceGroup: 08DCA8:Starfield.esm
ProjectedDecal:
  WidthScale: 1
  HeightScale: 1
  UnknownFloat: 0.19999999
  UnknownInt: 2880154369
ConstrainedDecal: 3.0600007, 1.3, 0.5
Position: -3.9941406, 1.3008225, 0.2566086
Rotation: 1.5707963, -1.5707964, 0
