MutagenObjectType: PlacedObject
FormKey: 001F9C:BetterShipPartFlips.esp
FormVersion: 559
Base: 29E425:Starfield.esm
ReferenceGroup: 08DCA8:Starfield.esm
ProjectedDecal:
  WidthScale: 1
  HeightScale: 1
  UnknownFloat: 0.075
  UnknownInt: 2880154369
ConstrainedDecal: 0.31499875, 1.3699999, 0.1
Position: -1.3960576, -3.9433353, 0.05271922
Rotation: 1.5707964, -0, 0
