MutagenObjectType: PlacedObject
FormKey: 001F9D:BetterShipPartFlips.esp
FormVersion: 559
Base: 1F5648:Starfield.esm
ReferenceGroup: 08DCA8:Starfield.esm
ProjectedDecal:
  WidthScale: 1
  HeightScale: 1
  UnknownFloat: 0.6000004
  UnknownInt: 2880154369
ConstrainedDecal: 2.700001, 3.9399989, 0.5
Position: -2.1955004, -3.9277344, 0.5037763
Rotation: 1.5707964, -0, 3.1415927
