MutagenObjectType: PlacedObject
FormKey: 001FA9:BetterShipPartFlips.esp
FormVersion: 559
Base: 29E425:Starfield.esm
ReferenceGroup: 08DCA8:Starfield.esm
ProjectedDecal:
  WidthScale: 1
  HeightScale: 1
  UnknownFloat: 0.125
  UnknownInt: 2880154369
ConstrainedDecal: 2.6349998, 3.6899984, 0.1
Position: 0.5111435, -1.6711681, 1.4677739
Rotation: -3.1415927, -0, 0
