MutagenObjectType: PlacedObject
FormKey: 001F94:BetterShipPartFlips.esp
FormVersion: 559
Base: 29E425:Starfield.esm
ReferenceGroup: 08DCA8:Starfield.esm
ProjectedDecal:
  WidthScale: 1
  HeightScale: 1
  UnknownFloat: 0.075
  UnknownInt: 2880154369
ConstrainedDecal: 3.7749984, 3.159999, 0.1
Position: -2.5869637, 1.6057148, -0.950243
Rotation: -0, -0.2922341, 1.5707963
