MutagenObjectType: PlacedObject
FormKey: 001F97:BetterShipPartFlips.esp
FormVersion: 559
Base: 29E425:Starfield.esm
ReferenceGroup: 08DCA8:Starfield.esm
ProjectedDecal:
  WidthScale: 1
  HeightScale: 1
  UnknownFloat: 0.1
  UnknownInt: 2880154369
ConstrainedDecal: 2.8649993, 2.3799994, 0.1
Position: -1.0452304, -3.9277349, -0.93529654
Rotation: 1.5707964, -0, 0
