MutagenObjectType: PlacedObject
FormKey: 001F9E:BetterShipPartFlips.esp
FormVersion: 559
Base: 29E425:Starfield.esm
ReferenceGroup: 08DCA8:Starfield.esm
ProjectedDecal:
  WidthScale: 1
  HeightScale: 1
  UnknownFloat: 0.050000004
  UnknownInt: 2880154369
ConstrainedDecal: 2.8649993, 2.3799994, 0.1
Position: -2.4105725, -1.7725409, -1.0005007
Rotation: -0, -0.29226202, 1.5707963
